0.000000000000000000e+00
1.280000000000000000e+02
1.290000000000000000e+02
1.300000000000000000e+02
1.310000000000000000e+02
1.320000000000000000e+02
1.330000000000000000e+02
1.340000000000000000e+02
1.350000000000000000e+02
1.420000000000000000e+02
1.430000000000000000e+02
1.440000000000000000e+02
1.450000000000000000e+02
1.460000000000000000e+02
1.470000000000000000e+02
1.480000000000000000e+02
1.490000000000000000e+02
1.500000000000000000e+02
1.510000000000000000e+02
1.520000000000000000e+02
1.540000000000000000e+02
1.550000000000000000e+02
1.560000000000000000e+02
1.570000000000000000e+02
1.580000000000000000e+02
1.590000000000000000e+02
1.600000000000000000e+02
1.610000000000000000e+02
1.620000000000000000e+02
1.630000000000000000e+02
1.640000000000000000e+02
1.920000000000000000e+02
1.930000000000000000e+02
1.940000000000000000e+02
1.950000000000000000e+02
1.960000000000000000e+02
1.970000000000000000e+02
1.980000000000000000e+02
1.990000000000000000e+02
2.000000000000000000e+02
2.010000000000000000e+02
2.020000000000000000e+02
2.030000000000000000e+02
2.120000000000000000e+02
3.070000000000000000e+02
3.080000000000000000e+02
3.090000000000000000e+02
3.100000000000000000e+02
3.110000000000000000e+02
3.120000000000000000e+02
3.130000000000000000e+02
3.140000000000000000e+02
3.150000000000000000e+02
3.160000000000000000e+02
3.180000000000000000e+02
3.190000000000000000e+02
3.200000000000000000e+02
3.210000000000000000e+02
3.220000000000000000e+02
3.230000000000000000e+02
3.240000000000000000e+02
3.770000000000000000e+02
3.780000000000000000e+02
3.790000000000000000e+02
3.800000000000000000e+02
3.810000000000000000e+02
3.820000000000000000e+02
3.830000000000000000e+02
3.860000000000000000e+02
4.240000000000000000e+02
4.250000000000000000e+02
4.260000000000000000e+02
4.280000000000000000e+02
4.290000000000000000e+02
4.420000000000000000e+02
4.430000000000000000e+02
4.440000000000000000e+02
4.450000000000000000e+02
4.460000000000000000e+02
4.470000000000000000e+02
4.960000000000000000e+02
4.970000000000000000e+02
4.990000000000000000e+02
5.000000000000000000e+02
5.020000000000000000e+02
5.090000000000000000e+02
5.110000000000000000e+02
5.160000000000000000e+02
5.170000000000000000e+02
6.460000000000000000e+02
6.470000000000000000e+02
6.480000000000000000e+02
6.490000000000000000e+02
6.500000000000000000e+02
6.510000000000000000e+02
6.520000000000000000e+02
6.590000000000000000e+02
6.640000000000000000e+02
6.650000000000000000e+02
7.010000000000000000e+02
7.020000000000000000e+02
7.030000000000000000e+02
7.040000000000000000e+02
7.050000000000000000e+02
7.060000000000000000e+02
7.700000000000000000e+02
7.710000000000000000e+02
8.130000000000000000e+02
8.140000000000000000e+02
8.190000000000000000e+02
8.200000000000000000e+02
8.210000000000000000e+02
8.250000000000000000e+02
8.260000000000000000e+02
8.340000000000000000e+02
8.350000000000000000e+02
8.360000000000000000e+02
8.370000000000000000e+02
8.380000000000000000e+02
8.420000000000000000e+02
8.430000000000000000e+02
8.440000000000000000e+02
8.460000000000000000e+02
8.470000000000000000e+02
8.480000000000000000e+02
8.490000000000000000e+02
8.500000000000000000e+02
8.510000000000000000e+02
8.520000000000000000e+02
8.530000000000000000e+02
8.540000000000000000e+02
8.550000000000000000e+02
8.560000000000000000e+02
8.570000000000000000e+02
8.580000000000000000e+02
8.590000000000000000e+02
8.600000000000000000e+02
8.610000000000000000e+02
8.620000000000000000e+02
8.630000000000000000e+02
8.640000000000000000e+02
8.650000000000000000e+02
8.660000000000000000e+02
8.670000000000000000e+02
1.057000000000000000e+03
1.058000000000000000e+03
1.059000000000000000e+03
1.425000000000000000e+03
1.426000000000000000e+03
1.427000000000000000e+03
1.428000000000000000e+03
1.429000000000000000e+03
1.430000000000000000e+03
1.431000000000000000e+03
1.432000000000000000e+03
1.433000000000000000e+03
1.434000000000000000e+03
1.435000000000000000e+03
1.436000000000000000e+03
1.497000000000000000e+03
1.558000000000000000e+03
1.559000000000000000e+03
1.560000000000000000e+03
1.561000000000000000e+03
1.562000000000000000e+03
1.596000000000000000e+03
1.597000000000000000e+03
1.598000000000000000e+03
1.599000000000000000e+03
1.600000000000000000e+03
1.601000000000000000e+03
1.602000000000000000e+03
1.815000000000000000e+03
1.816000000000000000e+03
1.817000000000000000e+03
1.818000000000000000e+03
1.819000000000000000e+03
1.820000000000000000e+03
1.821000000000000000e+03
1.822000000000000000e+03
1.823000000000000000e+03
1.824000000000000000e+03
1.825000000000000000e+03
1.826000000000000000e+03
1.827000000000000000e+03
1.828000000000000000e+03
1.916000000000000000e+03
1.917000000000000000e+03
1.920000000000000000e+03
2.192000000000000000e+03
2.193000000000000000e+03
2.236000000000000000e+03
2.237000000000000000e+03
2.239000000000000000e+03
2.240000000000000000e+03
2.241000000000000000e+03
2.242000000000000000e+03
2.243000000000000000e+03
2.244000000000000000e+03
2.245000000000000000e+03
2.246000000000000000e+03
2.247000000000000000e+03
2.248000000000000000e+03
2.249000000000000000e+03
2.261000000000000000e+03
2.302000000000000000e+03
2.303000000000000000e+03
2.304000000000000000e+03
2.305000000000000000e+03
2.306000000000000000e+03
2.307000000000000000e+03
2.308000000000000000e+03
2.309000000000000000e+03
2.310000000000000000e+03
2.311000000000000000e+03
2.329000000000000000e+03
2.330000000000000000e+03
2.331000000000000000e+03
2.332000000000000000e+03
2.333000000000000000e+03
2.334000000000000000e+03
2.335000000000000000e+03
2.336000000000000000e+03
2.337000000000000000e+03
2.338000000000000000e+03
2.339000000000000000e+03
2.396000000000000000e+03
2.397000000000000000e+03
2.398000000000000000e+03
2.399000000000000000e+03
2.400000000000000000e+03
2.401000000000000000e+03
2.430000000000000000e+03
2.431000000000000000e+03
2.432000000000000000e+03
2.433000000000000000e+03
2.434000000000000000e+03
2.435000000000000000e+03
2.436000000000000000e+03
2.437000000000000000e+03
2.465000000000000000e+03
2.466000000000000000e+03
2.467000000000000000e+03
2.468000000000000000e+03
2.469000000000000000e+03
2.470000000000000000e+03
2.471000000000000000e+03
2.473000000000000000e+03
2.483000000000000000e+03
2.487000000000000000e+03
2.492000000000000000e+03
2.493000000000000000e+03
2.499000000000000000e+03
2.502000000000000000e+03
2.504000000000000000e+03
2.505000000000000000e+03
2.506000000000000000e+03
2.508000000000000000e+03
2.577000000000000000e+03
2.578000000000000000e+03
2.579000000000000000e+03
2.580000000000000000e+03
2.581000000000000000e+03
2.582000000000000000e+03
2.628000000000000000e+03
2.629000000000000000e+03
2.630000000000000000e+03
2.631000000000000000e+03
2.632000000000000000e+03
2.633000000000000000e+03
2.634000000000000000e+03
2.635000000000000000e+03
2.636000000000000000e+03
2.647000000000000000e+03
2.649000000000000000e+03
2.650000000000000000e+03
2.651000000000000000e+03
2.652000000000000000e+03
2.653000000000000000e+03
2.654000000000000000e+03
2.655000000000000000e+03
2.656000000000000000e+03
2.657000000000000000e+03
2.658000000000000000e+03
2.659000000000000000e+03
2.660000000000000000e+03
2.661000000000000000e+03
2.663000000000000000e+03
2.666000000000000000e+03
2.668000000000000000e+03
2.669000000000000000e+03
2.682000000000000000e+03
2.683000000000000000e+03
2.684000000000000000e+03
2.685000000000000000e+03
2.686000000000000000e+03
2.687000000000000000e+03
2.688000000000000000e+03
2.811000000000000000e+03
2.812000000000000000e+03
2.813000000000000000e+03
2.814000000000000000e+03
2.815000000000000000e+03
2.816000000000000000e+03
2.817000000000000000e+03
2.823000000000000000e+03
2.824000000000000000e+03
2.825000000000000000e+03
2.827000000000000000e+03
2.836000000000000000e+03
2.839000000000000000e+03
2.840000000000000000e+03
2.851000000000000000e+03
2.854000000000000000e+03
2.857000000000000000e+03
2.880000000000000000e+03
2.881000000000000000e+03
2.882000000000000000e+03
2.883000000000000000e+03
2.884000000000000000e+03
2.893000000000000000e+03
2.901000000000000000e+03
2.902000000000000000e+03
2.903000000000000000e+03
2.906000000000000000e+03
2.907000000000000000e+03
2.925000000000000000e+03
2.928000000000000000e+03
2.929000000000000000e+03
2.930000000000000000e+03
2.982000000000000000e+03
2.983000000000000000e+03
2.984000000000000000e+03
2.985000000000000000e+03
2.986000000000000000e+03
2.987000000000000000e+03
2.988000000000000000e+03
2.992000000000000000e+03
3.089000000000000000e+03
3.090000000000000000e+03
3.091000000000000000e+03
3.092000000000000000e+03
3.093000000000000000e+03
3.094000000000000000e+03
3.095000000000000000e+03
3.096000000000000000e+03
3.097000000000000000e+03
3.098000000000000000e+03
3.116000000000000000e+03
3.117000000000000000e+03
3.118000000000000000e+03
3.119000000000000000e+03
3.120000000000000000e+03
3.121000000000000000e+03
3.122000000000000000e+03
3.123000000000000000e+03
3.124000000000000000e+03
3.125000000000000000e+03
3.135000000000000000e+03
3.136000000000000000e+03
3.140000000000000000e+03
3.146000000000000000e+03
3.147000000000000000e+03
3.148000000000000000e+03
3.149000000000000000e+03
3.150000000000000000e+03
3.151000000000000000e+03
3.152000000000000000e+03
3.153000000000000000e+03
3.154000000000000000e+03
3.155000000000000000e+03
3.157000000000000000e+03
3.158000000000000000e+03
3.159000000000000000e+03
3.160000000000000000e+03
3.161000000000000000e+03
3.162000000000000000e+03
3.222000000000000000e+03
3.223000000000000000e+03
3.224000000000000000e+03
3.225000000000000000e+03
3.269000000000000000e+03
3.270000000000000000e+03
3.307000000000000000e+03
3.308000000000000000e+03
3.309000000000000000e+03
3.310000000000000000e+03
3.311000000000000000e+03
3.312000000000000000e+03
3.339000000000000000e+03
3.340000000000000000e+03
3.341000000000000000e+03
3.342000000000000000e+03
3.343000000000000000e+03
3.344000000000000000e+03
3.345000000000000000e+03
3.346000000000000000e+03
3.347000000000000000e+03
3.350000000000000000e+03
3.351000000000000000e+03
3.365000000000000000e+03
3.366000000000000000e+03
3.367000000000000000e+03
3.368000000000000000e+03
3.369000000000000000e+03
3.370000000000000000e+03
3.371000000000000000e+03
3.372000000000000000e+03
3.373000000000000000e+03
3.374000000000000000e+03
3.375000000000000000e+03
3.376000000000000000e+03
3.377000000000000000e+03
3.378000000000000000e+03
3.379000000000000000e+03
3.402000000000000000e+03
3.414000000000000000e+03
3.415000000000000000e+03
3.416000000000000000e+03
3.417000000000000000e+03
3.418000000000000000e+03
3.419000000000000000e+03
3.420000000000000000e+03
3.421000000000000000e+03
3.422000000000000000e+03
3.423000000000000000e+03
3.424000000000000000e+03
3.425000000000000000e+03
3.426000000000000000e+03
3.427000000000000000e+03
3.428000000000000000e+03
3.429000000000000000e+03
3.430000000000000000e+03
3.431000000000000000e+03
3.445000000000000000e+03
3.446000000000000000e+03
3.447000000000000000e+03
3.448000000000000000e+03
3.449000000000000000e+03
3.450000000000000000e+03
3.451000000000000000e+03
3.452000000000000000e+03
3.453000000000000000e+03
3.454000000000000000e+03
3.455000000000000000e+03
3.457000000000000000e+03
3.459000000000000000e+03
3.460000000000000000e+03
3.461000000000000000e+03
3.462000000000000000e+03
3.503000000000000000e+03
3.504000000000000000e+03
3.507000000000000000e+03
3.508000000000000000e+03
3.509000000000000000e+03
3.510000000000000000e+03
3.511000000000000000e+03
3.512000000000000000e+03
3.513000000000000000e+03
3.514000000000000000e+03
3.515000000000000000e+03
3.516000000000000000e+03
3.517000000000000000e+03
3.518000000000000000e+03
3.519000000000000000e+03
3.520000000000000000e+03
3.521000000000000000e+03
3.522000000000000000e+03
3.523000000000000000e+03
3.524000000000000000e+03
3.525000000000000000e+03
3.527000000000000000e+03
3.528000000000000000e+03
3.530000000000000000e+03
3.532000000000000000e+03
3.533000000000000000e+03
3.534000000000000000e+03
3.535000000000000000e+03
3.536000000000000000e+03
3.537000000000000000e+03
3.538000000000000000e+03
3.581000000000000000e+03
3.582000000000000000e+03
3.583000000000000000e+03
3.718000000000000000e+03
3.719000000000000000e+03
3.720000000000000000e+03
3.721000000000000000e+03
3.722000000000000000e+03
3.725000000000000000e+03
3.726000000000000000e+03
3.727000000000000000e+03
3.728000000000000000e+03
3.729000000000000000e+03
3.733000000000000000e+03
3.734000000000000000e+03
3.735000000000000000e+03
3.738000000000000000e+03
3.770000000000000000e+03
3.771000000000000000e+03
3.772000000000000000e+03
3.773000000000000000e+03
3.774000000000000000e+03
3.775000000000000000e+03
3.776000000000000000e+03
3.777000000000000000e+03
3.778000000000000000e+03
3.779000000000000000e+03
3.782000000000000000e+03
3.842000000000000000e+03
3.846000000000000000e+03
3.847000000000000000e+03
3.848000000000000000e+03
3.849000000000000000e+03
3.850000000000000000e+03
3.882000000000000000e+03
3.883000000000000000e+03
3.884000000000000000e+03
3.885000000000000000e+03
3.886000000000000000e+03
3.887000000000000000e+03
3.888000000000000000e+03
3.889000000000000000e+03
3.890000000000000000e+03
3.891000000000000000e+03
3.892000000000000000e+03
3.893000000000000000e+03
3.894000000000000000e+03
3.895000000000000000e+03
3.896000000000000000e+03
3.897000000000000000e+03
3.898000000000000000e+03
3.914000000000000000e+03
3.915000000000000000e+03
3.918000000000000000e+03
3.920000000000000000e+03
3.921000000000000000e+03
3.922000000000000000e+03
3.923000000000000000e+03
3.924000000000000000e+03
3.925000000000000000e+03
3.926000000000000000e+03
3.927000000000000000e+03
3.962000000000000000e+03
3.963000000000000000e+03
3.965000000000000000e+03
3.966000000000000000e+03
3.967000000000000000e+03
3.968000000000000000e+03
3.969000000000000000e+03
3.970000000000000000e+03
3.971000000000000000e+03
3.972000000000000000e+03
3.973000000000000000e+03
3.974000000000000000e+03
3.975000000000000000e+03
3.979000000000000000e+03
3.980000000000000000e+03
3.999000000000000000e+03
4.000000000000000000e+03
4.001000000000000000e+03
4.007000000000000000e+03
4.008000000000000000e+03
4.009000000000000000e+03
4.010000000000000000e+03
4.011000000000000000e+03
4.012000000000000000e+03
4.013000000000000000e+03
4.014000000000000000e+03
4.015000000000000000e+03
4.016000000000000000e+03
4.017000000000000000e+03
4.107000000000000000e+03
4.108000000000000000e+03
4.109000000000000000e+03
4.217000000000000000e+03
4.218000000000000000e+03
4.223000000000000000e+03
4.226000000000000000e+03
4.227000000000000000e+03
4.228000000000000000e+03
4.229000000000000000e+03
4.247000000000000000e+03
4.248000000000000000e+03
4.249000000000000000e+03
4.250000000000000000e+03
4.251000000000000000e+03
4.252000000000000000e+03
4.253000000000000000e+03
4.254000000000000000e+03
4.255000000000000000e+03
4.256000000000000000e+03
4.257000000000000000e+03
4.258000000000000000e+03
4.259000000000000000e+03
4.260000000000000000e+03
4.261000000000000000e+03
4.262000000000000000e+03
4.263000000000000000e+03
4.316000000000000000e+03
4.317000000000000000e+03
4.318000000000000000e+03
4.319000000000000000e+03
4.320000000000000000e+03
4.321000000000000000e+03
4.332000000000000000e+03
4.333000000000000000e+03
4.334000000000000000e+03
4.371000000000000000e+03
4.372000000000000000e+03
4.373000000000000000e+03
4.374000000000000000e+03
4.376000000000000000e+03
4.377000000000000000e+03
4.378000000000000000e+03
4.379000000000000000e+03
4.380000000000000000e+03
4.381000000000000000e+03
4.382000000000000000e+03
4.384000000000000000e+03
4.385000000000000000e+03
4.400000000000000000e+03
4.401000000000000000e+03
4.403000000000000000e+03
4.404000000000000000e+03
4.405000000000000000e+03
4.406000000000000000e+03
4.407000000000000000e+03
4.408000000000000000e+03
4.409000000000000000e+03
4.410000000000000000e+03
4.426000000000000000e+03
4.427000000000000000e+03
4.428000000000000000e+03
4.429000000000000000e+03
4.430000000000000000e+03
4.431000000000000000e+03
4.432000000000000000e+03
4.433000000000000000e+03
4.436000000000000000e+03
4.437000000000000000e+03
4.441000000000000000e+03
4.444000000000000000e+03
4.450000000000000000e+03
4.451000000000000000e+03
4.452000000000000000e+03
4.453000000000000000e+03
4.454000000000000000e+03
4.455000000000000000e+03
4.456000000000000000e+03
4.457000000000000000e+03
4.458000000000000000e+03
4.459000000000000000e+03
4.460000000000000000e+03
4.461000000000000000e+03
4.462000000000000000e+03
4.463000000000000000e+03
4.464000000000000000e+03
4.465000000000000000e+03
4.466000000000000000e+03
4.496000000000000000e+03
4.497000000000000000e+03
4.556000000000000000e+03
4.557000000000000000e+03
4.558000000000000000e+03
4.559000000000000000e+03
4.560000000000000000e+03
4.561000000000000000e+03
4.562000000000000000e+03
4.563000000000000000e+03
4.564000000000000000e+03
4.567000000000000000e+03
4.572000000000000000e+03
4.574000000000000000e+03
4.576000000000000000e+03
4.577000000000000000e+03
4.578000000000000000e+03
4.579000000000000000e+03
4.580000000000000000e+03
4.581000000000000000e+03
4.582000000000000000e+03
4.583000000000000000e+03
4.593000000000000000e+03
4.596000000000000000e+03
4.604000000000000000e+03
4.605000000000000000e+03
4.609000000000000000e+03
4.610000000000000000e+03
4.611000000000000000e+03
4.646000000000000000e+03
4.647000000000000000e+03
4.648000000000000000e+03
4.649000000000000000e+03
4.653000000000000000e+03
4.670000000000000000e+03
4.671000000000000000e+03
4.672000000000000000e+03
4.674000000000000000e+03
4.675000000000000000e+03
4.677000000000000000e+03
4.678000000000000000e+03
4.679000000000000000e+03
4.680000000000000000e+03
4.681000000000000000e+03
4.682000000000000000e+03
4.683000000000000000e+03
4.684000000000000000e+03
4.685000000000000000e+03
4.686000000000000000e+03
4.687000000000000000e+03
4.688000000000000000e+03
4.689000000000000000e+03
4.690000000000000000e+03
4.691000000000000000e+03
4.704000000000000000e+03
4.705000000000000000e+03
4.706000000000000000e+03
4.707000000000000000e+03
4.708000000000000000e+03
4.722000000000000000e+03
4.723000000000000000e+03
4.730000000000000000e+03
4.731000000000000000e+03
4.744000000000000000e+03
4.778000000000000000e+03
4.779000000000000000e+03
4.780000000000000000e+03
4.781000000000000000e+03
4.782000000000000000e+03
4.783000000000000000e+03
4.787000000000000000e+03
4.792000000000000000e+03
4.808000000000000000e+03
4.809000000000000000e+03
4.810000000000000000e+03
4.812000000000000000e+03
4.813000000000000000e+03
4.814000000000000000e+03
4.815000000000000000e+03
4.816000000000000000e+03
4.817000000000000000e+03
4.818000000000000000e+03
4.819000000000000000e+03
4.820000000000000000e+03
4.821000000000000000e+03
4.822000000000000000e+03
4.823000000000000000e+03
4.824000000000000000e+03
4.825000000000000000e+03
4.826000000000000000e+03
4.848000000000000000e+03
4.849000000000000000e+03
4.850000000000000000e+03
4.878000000000000000e+03
4.879000000000000000e+03
4.880000000000000000e+03
4.881000000000000000e+03
4.882000000000000000e+03
4.883000000000000000e+03
4.884000000000000000e+03
4.885000000000000000e+03
4.886000000000000000e+03
4.887000000000000000e+03
4.891000000000000000e+03
4.892000000000000000e+03
4.893000000000000000e+03
4.894000000000000000e+03
4.895000000000000000e+03
4.896000000000000000e+03
4.897000000000000000e+03
4.898000000000000000e+03
4.899000000000000000e+03
4.900000000000000000e+03
4.901000000000000000e+03
4.902000000000000000e+03
4.903000000000000000e+03
4.904000000000000000e+03
4.905000000000000000e+03
4.906000000000000000e+03
4.909000000000000000e+03
4.910000000000000000e+03
4.957000000000000000e+03
4.958000000000000000e+03
4.959000000000000000e+03
4.960000000000000000e+03
4.961000000000000000e+03
4.965000000000000000e+03
4.966000000000000000e+03
5.016000000000000000e+03
5.017000000000000000e+03
5.018000000000000000e+03
5.019000000000000000e+03
5.020000000000000000e+03
5.021000000000000000e+03
5.024000000000000000e+03
5.168000000000000000e+03
5.169000000000000000e+03
5.170000000000000000e+03
5.171000000000000000e+03
5.172000000000000000e+03
5.173000000000000000e+03
5.174000000000000000e+03
5.175000000000000000e+03
5.176000000000000000e+03
5.177000000000000000e+03
5.178000000000000000e+03
5.179000000000000000e+03
5.180000000000000000e+03
5.181000000000000000e+03
5.182000000000000000e+03
5.183000000000000000e+03
5.184000000000000000e+03
5.234000000000000000e+03
5.235000000000000000e+03
5.470000000000000000e+03
5.556000000000000000e+03
5.558000000000000000e+03
5.559000000000000000e+03
5.560000000000000000e+03
5.563000000000000000e+03
5.781000000000000000e+03
5.782000000000000000e+03
5.783000000000000000e+03
5.784000000000000000e+03
5.785000000000000000e+03
5.786000000000000000e+03
5.787000000000000000e+03
5.788000000000000000e+03
5.789000000000000000e+03
6.040000000000000000e+03
6.041000000000000000e+03
6.042000000000000000e+03
6.043000000000000000e+03
6.044000000000000000e+03
6.045000000000000000e+03
6.046000000000000000e+03
6.047000000000000000e+03
6.048000000000000000e+03
6.093000000000000000e+03
6.094000000000000000e+03
6.095000000000000000e+03
6.096000000000000000e+03
6.097000000000000000e+03
6.098000000000000000e+03
6.099000000000000000e+03
6.101000000000000000e+03
6.102000000000000000e+03
6.128000000000000000e+03
6.129000000000000000e+03
6.130000000000000000e+03
6.133000000000000000e+03
6.134000000000000000e+03
6.137000000000000000e+03
6.138000000000000000e+03
6.139000000000000000e+03
6.140000000000000000e+03
6.141000000000000000e+03
6.142000000000000000e+03
6.171000000000000000e+03
6.329000000000000000e+03
6.330000000000000000e+03
6.331000000000000000e+03
6.332000000000000000e+03
6.333000000000000000e+03
6.334000000000000000e+03
6.335000000000000000e+03
6.336000000000000000e+03
6.337000000000000000e+03
6.338000000000000000e+03
6.339000000000000000e+03
6.340000000000000000e+03
6.341000000000000000e+03
6.372000000000000000e+03
6.374000000000000000e+03
6.412000000000000000e+03
6.413000000000000000e+03
6.414000000000000000e+03
6.415000000000000000e+03
6.416000000000000000e+03
6.434000000000000000e+03
6.435000000000000000e+03
6.436000000000000000e+03
6.437000000000000000e+03
6.438000000000000000e+03
6.439000000000000000e+03
6.440000000000000000e+03
6.441000000000000000e+03
6.442000000000000000e+03
6.497000000000000000e+03
6.498000000000000000e+03
6.499000000000000000e+03
6.531000000000000000e+03
6.532000000000000000e+03
6.533000000000000000e+03
6.534000000000000000e+03
6.535000000000000000e+03
6.537000000000000000e+03
6.538000000000000000e+03
6.554000000000000000e+03
6.555000000000000000e+03
6.584000000000000000e+03
6.585000000000000000e+03
6.586000000000000000e+03
6.587000000000000000e+03
6.589000000000000000e+03
6.593000000000000000e+03
6.594000000000000000e+03
6.595000000000000000e+03
