1.000000000000000000e+00
2.040000000000000000e+02
3.840000000000000000e+02
3.850000000000000000e+02
3.870000000000000000e+02
3.880000000000000000e+02
4.270000000000000000e+02
4.310000000000000000e+02
4.520000000000000000e+02
4.530000000000000000e+02
4.580000000000000000e+02
4.590000000000000000e+02
4.980000000000000000e+02
5.010000000000000000e+02
5.030000000000000000e+02
5.040000000000000000e+02
5.050000000000000000e+02
6.630000000000000000e+02
7.000000000000000000e+02
7.090000000000000000e+02
7.720000000000000000e+02
1.437000000000000000e+03
1.438000000000000000e+03
1.439000000000000000e+03
1.498000000000000000e+03
1.499000000000000000e+03
1.887000000000000000e+03
1.888000000000000000e+03
1.889000000000000000e+03
1.890000000000000000e+03
1.895000000000000000e+03
1.896000000000000000e+03
2.194000000000000000e+03
2.195000000000000000e+03
2.275000000000000000e+03
2.276000000000000000e+03
2.278000000000000000e+03
2.301000000000000000e+03
2.315000000000000000e+03
2.316000000000000000e+03
2.340000000000000000e+03
2.341000000000000000e+03
2.343000000000000000e+03
2.405000000000000000e+03
2.406000000000000000e+03
2.408000000000000000e+03
2.440000000000000000e+03
2.443000000000000000e+03
2.444000000000000000e+03
2.472000000000000000e+03
2.474000000000000000e+03
2.475000000000000000e+03
2.476000000000000000e+03
2.477000000000000000e+03
2.479000000000000000e+03
2.491000000000000000e+03
2.494000000000000000e+03
2.495000000000000000e+03
2.496000000000000000e+03
2.497000000000000000e+03
2.498000000000000000e+03
2.509000000000000000e+03
2.510000000000000000e+03
2.511000000000000000e+03
2.512000000000000000e+03
2.513000000000000000e+03
2.515000000000000000e+03
2.516000000000000000e+03
2.587000000000000000e+03
2.588000000000000000e+03
2.589000000000000000e+03
2.662000000000000000e+03
2.822000000000000000e+03
2.826000000000000000e+03
2.835000000000000000e+03
2.837000000000000000e+03
2.838000000000000000e+03
2.841000000000000000e+03
2.842000000000000000e+03
2.843000000000000000e+03
2.885000000000000000e+03
2.886000000000000000e+03
2.887000000000000000e+03
2.888000000000000000e+03
2.889000000000000000e+03
2.890000000000000000e+03
2.891000000000000000e+03
2.892000000000000000e+03
2.904000000000000000e+03
2.905000000000000000e+03
2.908000000000000000e+03
2.918000000000000000e+03
2.919000000000000000e+03
2.920000000000000000e+03
2.922000000000000000e+03
2.931000000000000000e+03
2.989000000000000000e+03
2.991000000000000000e+03
2.995000000000000000e+03
3.111000000000000000e+03
3.114000000000000000e+03
3.115000000000000000e+03
3.126000000000000000e+03
3.127000000000000000e+03
3.128000000000000000e+03
3.163000000000000000e+03
3.165000000000000000e+03
3.226000000000000000e+03
3.227000000000000000e+03
3.228000000000000000e+03
3.229000000000000000e+03
3.230000000000000000e+03
3.231000000000000000e+03
3.348000000000000000e+03
3.456000000000000000e+03
3.458000000000000000e+03
3.499000000000000000e+03
3.501000000000000000e+03
3.502000000000000000e+03
3.526000000000000000e+03
3.529000000000000000e+03
3.584000000000000000e+03
3.585000000000000000e+03
3.586000000000000000e+03
3.587000000000000000e+03
3.588000000000000000e+03
3.589000000000000000e+03
3.653000000000000000e+03
3.730000000000000000e+03
3.731000000000000000e+03
3.732000000000000000e+03
3.736000000000000000e+03
3.743000000000000000e+03
3.783000000000000000e+03
3.843000000000000000e+03
3.844000000000000000e+03
3.845000000000000000e+03
3.852000000000000000e+03
3.854000000000000000e+03
3.919000000000000000e+03
3.928000000000000000e+03
3.957000000000000000e+03
3.960000000000000000e+03
3.961000000000000000e+03
3.964000000000000000e+03
3.976000000000000000e+03
3.977000000000000000e+03
3.978000000000000000e+03
4.002000000000000000e+03
4.004000000000000000e+03
4.005000000000000000e+03
4.006000000000000000e+03
4.018000000000000000e+03
4.231000000000000000e+03
4.322000000000000000e+03
4.324000000000000000e+03
4.325000000000000000e+03
4.326000000000000000e+03
4.327000000000000000e+03
4.328000000000000000e+03
4.329000000000000000e+03
4.330000000000000000e+03
4.331000000000000000e+03
4.335000000000000000e+03
4.336000000000000000e+03
4.383000000000000000e+03
4.386000000000000000e+03
4.402000000000000000e+03
4.411000000000000000e+03
4.412000000000000000e+03
4.413000000000000000e+03
4.414000000000000000e+03
4.415000000000000000e+03
4.416000000000000000e+03
4.498000000000000000e+03
4.499000000000000000e+03
4.525000000000000000e+03
4.526000000000000000e+03
4.527000000000000000e+03
4.528000000000000000e+03
4.529000000000000000e+03
4.530000000000000000e+03
4.531000000000000000e+03
4.532000000000000000e+03
4.533000000000000000e+03
4.568000000000000000e+03
4.569000000000000000e+03
4.570000000000000000e+03
4.571000000000000000e+03
4.606000000000000000e+03
4.607000000000000000e+03
4.608000000000000000e+03
4.612000000000000000e+03
4.650000000000000000e+03
4.651000000000000000e+03
4.652000000000000000e+03
4.654000000000000000e+03
4.655000000000000000e+03
4.656000000000000000e+03
4.657000000000000000e+03
4.658000000000000000e+03
4.659000000000000000e+03
4.660000000000000000e+03
4.661000000000000000e+03
4.676000000000000000e+03
4.718000000000000000e+03
4.719000000000000000e+03
4.720000000000000000e+03
4.721000000000000000e+03
4.732000000000000000e+03
4.733000000000000000e+03
4.734000000000000000e+03
4.735000000000000000e+03
4.736000000000000000e+03
4.738000000000000000e+03
4.739000000000000000e+03
4.740000000000000000e+03
4.784000000000000000e+03
4.785000000000000000e+03
4.786000000000000000e+03
4.788000000000000000e+03
4.789000000000000000e+03
4.811000000000000000e+03
4.851000000000000000e+03
4.852000000000000000e+03
4.853000000000000000e+03
4.854000000000000000e+03
4.855000000000000000e+03
4.856000000000000000e+03
4.857000000000000000e+03
4.888000000000000000e+03
4.889000000000000000e+03
4.890000000000000000e+03
4.956000000000000000e+03
4.967000000000000000e+03
5.022000000000000000e+03
5.023000000000000000e+03
5.230000000000000000e+03
5.231000000000000000e+03
5.232000000000000000e+03
5.233000000000000000e+03
5.236000000000000000e+03
5.471000000000000000e+03
5.472000000000000000e+03
5.475000000000000000e+03
5.477000000000000000e+03
5.600000000000000000e+03
5.601000000000000000e+03
5.790000000000000000e+03
5.791000000000000000e+03
6.090000000000000000e+03
6.092000000000000000e+03
6.103000000000000000e+03
6.131000000000000000e+03
6.132000000000000000e+03
6.135000000000000000e+03
6.136000000000000000e+03
6.172000000000000000e+03
6.173000000000000000e+03
6.174000000000000000e+03
6.175000000000000000e+03
6.202000000000000000e+03
6.203000000000000000e+03
6.204000000000000000e+03
6.373000000000000000e+03
6.375000000000000000e+03
6.376000000000000000e+03
6.377000000000000000e+03
6.378000000000000000e+03
6.379000000000000000e+03
6.417000000000000000e+03
6.418000000000000000e+03
6.419000000000000000e+03
6.443000000000000000e+03
6.444000000000000000e+03
6.500000000000000000e+03
6.501000000000000000e+03
6.596000000000000000e+03
6.597000000000000000e+03
6.598000000000000000e+03
6.599000000000000000e+03
