3.600000000000000000e+01
3.700000000000000000e+01
3.800000000000000000e+01
3.900000000000000000e+01
4.000000000000000000e+01
4.100000000000000000e+01
4.200000000000000000e+01
4.300000000000000000e+01
4.400000000000000000e+01
4.500000000000000000e+01
4.600000000000000000e+01
4.700000000000000000e+01
4.800000000000000000e+01
7.600000000000000000e+01
7.800000000000000000e+01
8.000000000000000000e+01
8.100000000000000000e+01
8.200000000000000000e+01
8.300000000000000000e+01
8.400000000000000000e+01
8.500000000000000000e+01
8.600000000000000000e+01
8.700000000000000000e+01
8.800000000000000000e+01
8.900000000000000000e+01
9.000000000000000000e+01
1.060000000000000000e+02
1.070000000000000000e+02
1.080000000000000000e+02
1.120000000000000000e+02
1.130000000000000000e+02
1.180000000000000000e+02
1.190000000000000000e+02
2.490000000000000000e+02
2.500000000000000000e+02
2.510000000000000000e+02
2.520000000000000000e+02
2.530000000000000000e+02
2.540000000000000000e+02
2.550000000000000000e+02
2.560000000000000000e+02
2.570000000000000000e+02
2.580000000000000000e+02
2.600000000000000000e+02
2.610000000000000000e+02
2.620000000000000000e+02
2.630000000000000000e+02
4.090000000000000000e+02
4.100000000000000000e+02
4.110000000000000000e+02
4.120000000000000000e+02
4.130000000000000000e+02
4.140000000000000000e+02
4.150000000000000000e+02
4.160000000000000000e+02
4.170000000000000000e+02
4.180000000000000000e+02
4.700000000000000000e+02
4.710000000000000000e+02
4.720000000000000000e+02
4.730000000000000000e+02
4.740000000000000000e+02
5.480000000000000000e+02
5.490000000000000000e+02
5.510000000000000000e+02
5.520000000000000000e+02
5.530000000000000000e+02
5.950000000000000000e+02
5.960000000000000000e+02
5.970000000000000000e+02
5.980000000000000000e+02
6.050000000000000000e+02
6.210000000000000000e+02
6.220000000000000000e+02
6.230000000000000000e+02
6.240000000000000000e+02
6.250000000000000000e+02
6.260000000000000000e+02
6.270000000000000000e+02
7.410000000000000000e+02
7.470000000000000000e+02
7.500000000000000000e+02
7.540000000000000000e+02
7.550000000000000000e+02
7.640000000000000000e+02
7.650000000000000000e+02
7.660000000000000000e+02
7.670000000000000000e+02
7.680000000000000000e+02
7.690000000000000000e+02
7.960000000000000000e+02
7.980000000000000000e+02
7.990000000000000000e+02
8.010000000000000000e+02
8.060000000000000000e+02
9.630000000000000000e+02
9.690000000000000000e+02
9.740000000000000000e+02
9.750000000000000000e+02
9.810000000000000000e+02
9.850000000000000000e+02
9.860000000000000000e+02
9.870000000000000000e+02
9.880000000000000000e+02
9.890000000000000000e+02
9.900000000000000000e+02
1.041000000000000000e+03
1.042000000000000000e+03
1.043000000000000000e+03
1.044000000000000000e+03
1.045000000000000000e+03
1.046000000000000000e+03
1.047000000000000000e+03
1.048000000000000000e+03
1.049000000000000000e+03
1.050000000000000000e+03
1.051000000000000000e+03
1.052000000000000000e+03
1.053000000000000000e+03
1.054000000000000000e+03
1.055000000000000000e+03
1.056000000000000000e+03
1.070000000000000000e+03
1.071000000000000000e+03
1.097000000000000000e+03
1.098000000000000000e+03
1.099000000000000000e+03
1.100000000000000000e+03
1.101000000000000000e+03
1.102000000000000000e+03
1.103000000000000000e+03
1.104000000000000000e+03
1.137000000000000000e+03
1.138000000000000000e+03
1.139000000000000000e+03
1.140000000000000000e+03
1.141000000000000000e+03
1.142000000000000000e+03
1.143000000000000000e+03
1.144000000000000000e+03
1.172000000000000000e+03
1.174000000000000000e+03
1.188000000000000000e+03
1.189000000000000000e+03
1.190000000000000000e+03
1.191000000000000000e+03
1.193000000000000000e+03
1.194000000000000000e+03
1.195000000000000000e+03
1.196000000000000000e+03
1.197000000000000000e+03
1.198000000000000000e+03
1.199000000000000000e+03
1.200000000000000000e+03
1.244000000000000000e+03
1.245000000000000000e+03
1.246000000000000000e+03
1.247000000000000000e+03
1.248000000000000000e+03
1.249000000000000000e+03
1.250000000000000000e+03
1.251000000000000000e+03
1.252000000000000000e+03
1.253000000000000000e+03
1.254000000000000000e+03
1.256000000000000000e+03
1.257000000000000000e+03
1.258000000000000000e+03
1.259000000000000000e+03
1.260000000000000000e+03
1.284000000000000000e+03
1.286000000000000000e+03
1.292000000000000000e+03
1.293000000000000000e+03
1.294000000000000000e+03
1.295000000000000000e+03
1.296000000000000000e+03
1.354000000000000000e+03
1.355000000000000000e+03
1.356000000000000000e+03
1.357000000000000000e+03
1.358000000000000000e+03
1.359000000000000000e+03
1.360000000000000000e+03
1.361000000000000000e+03
1.362000000000000000e+03
1.363000000000000000e+03
1.364000000000000000e+03
1.375000000000000000e+03
1.376000000000000000e+03
1.379000000000000000e+03
1.380000000000000000e+03
1.411000000000000000e+03
1.412000000000000000e+03
1.413000000000000000e+03
1.420000000000000000e+03
1.421000000000000000e+03
1.422000000000000000e+03
1.423000000000000000e+03
1.475000000000000000e+03
1.477000000000000000e+03
1.480000000000000000e+03
1.481000000000000000e+03
1.482000000000000000e+03
1.484000000000000000e+03
1.486000000000000000e+03
1.487000000000000000e+03
1.488000000000000000e+03
1.489000000000000000e+03
1.490000000000000000e+03
1.491000000000000000e+03
1.531000000000000000e+03
1.532000000000000000e+03
1.535000000000000000e+03
1.537000000000000000e+03
1.538000000000000000e+03
1.539000000000000000e+03
1.540000000000000000e+03
1.541000000000000000e+03
1.542000000000000000e+03
1.543000000000000000e+03
1.544000000000000000e+03
1.588000000000000000e+03
1.589000000000000000e+03
1.590000000000000000e+03
1.629000000000000000e+03
1.630000000000000000e+03
1.645000000000000000e+03
1.651000000000000000e+03
1.652000000000000000e+03
1.653000000000000000e+03
1.654000000000000000e+03
1.658000000000000000e+03
1.694000000000000000e+03
1.695000000000000000e+03
1.696000000000000000e+03
1.697000000000000000e+03
1.698000000000000000e+03
1.699000000000000000e+03
1.700000000000000000e+03
1.701000000000000000e+03
1.702000000000000000e+03
1.703000000000000000e+03
1.747000000000000000e+03
1.754000000000000000e+03
1.755000000000000000e+03
1.757000000000000000e+03
1.758000000000000000e+03
1.759000000000000000e+03
1.760000000000000000e+03
1.781000000000000000e+03
1.782000000000000000e+03
1.802000000000000000e+03
1.809000000000000000e+03
1.810000000000000000e+03
1.811000000000000000e+03
1.941000000000000000e+03
1.942000000000000000e+03
1.943000000000000000e+03
1.944000000000000000e+03
1.947000000000000000e+03
1.948000000000000000e+03
1.949000000000000000e+03
1.950000000000000000e+03
1.951000000000000000e+03
1.956000000000000000e+03
1.965000000000000000e+03
1.967000000000000000e+03
1.971000000000000000e+03
1.972000000000000000e+03
1.973000000000000000e+03
1.984000000000000000e+03
1.985000000000000000e+03
1.986000000000000000e+03
2.045000000000000000e+03
2.046000000000000000e+03
2.047000000000000000e+03
2.048000000000000000e+03
2.049000000000000000e+03
2.050000000000000000e+03
2.054000000000000000e+03
2.057000000000000000e+03
2.060000000000000000e+03
2.061000000000000000e+03
2.087000000000000000e+03
2.089000000000000000e+03
2.092000000000000000e+03
2.093000000000000000e+03
2.106000000000000000e+03
2.108000000000000000e+03
2.109000000000000000e+03
2.110000000000000000e+03
2.111000000000000000e+03
2.112000000000000000e+03
2.114000000000000000e+03
2.115000000000000000e+03
2.116000000000000000e+03
2.117000000000000000e+03
2.118000000000000000e+03
2.119000000000000000e+03
2.120000000000000000e+03
2.121000000000000000e+03
2.164000000000000000e+03
2.165000000000000000e+03
2.166000000000000000e+03
2.167000000000000000e+03
2.168000000000000000e+03
2.182000000000000000e+03
2.183000000000000000e+03
2.184000000000000000e+03
2.185000000000000000e+03
2.186000000000000000e+03
2.187000000000000000e+03
2.188000000000000000e+03
2.189000000000000000e+03
2.190000000000000000e+03
2.191000000000000000e+03
2.216000000000000000e+03
2.217000000000000000e+03
2.218000000000000000e+03
2.219000000000000000e+03
2.221000000000000000e+03
2.222000000000000000e+03
2.223000000000000000e+03
2.392000000000000000e+03
2.393000000000000000e+03
2.618000000000000000e+03
2.742000000000000000e+03
2.744000000000000000e+03
2.747000000000000000e+03
2.793000000000000000e+03
3.017000000000000000e+03
3.018000000000000000e+03
3.019000000000000000e+03
3.020000000000000000e+03
3.023000000000000000e+03
3.024000000000000000e+03
3.025000000000000000e+03
3.026000000000000000e+03
3.027000000000000000e+03
3.028000000000000000e+03
3.029000000000000000e+03
3.030000000000000000e+03
3.031000000000000000e+03
3.032000000000000000e+03
3.079000000000000000e+03
3.080000000000000000e+03
3.081000000000000000e+03
3.085000000000000000e+03
3.218000000000000000e+03
3.219000000000000000e+03
3.220000000000000000e+03
3.261000000000000000e+03
3.262000000000000000e+03
3.263000000000000000e+03
3.264000000000000000e+03
3.265000000000000000e+03
3.291000000000000000e+03
3.333000000000000000e+03
3.334000000000000000e+03
3.335000000000000000e+03
3.634000000000000000e+03
3.635000000000000000e+03
3.636000000000000000e+03
3.637000000000000000e+03
3.638000000000000000e+03
3.639000000000000000e+03
3.644000000000000000e+03
3.645000000000000000e+03
3.646000000000000000e+03
3.647000000000000000e+03
3.648000000000000000e+03
3.827000000000000000e+03
3.828000000000000000e+03
3.829000000000000000e+03
3.830000000000000000e+03
3.875000000000000000e+03
3.876000000000000000e+03
3.877000000000000000e+03
3.878000000000000000e+03
4.062000000000000000e+03
4.063000000000000000e+03
4.064000000000000000e+03
4.065000000000000000e+03
4.067000000000000000e+03
4.068000000000000000e+03
4.091000000000000000e+03
4.092000000000000000e+03
4.093000000000000000e+03
4.132000000000000000e+03
4.133000000000000000e+03
4.134000000000000000e+03
4.135000000000000000e+03
4.136000000000000000e+03
4.137000000000000000e+03
4.138000000000000000e+03
4.150000000000000000e+03
4.151000000000000000e+03
4.152000000000000000e+03
4.153000000000000000e+03
4.191000000000000000e+03
4.192000000000000000e+03
4.193000000000000000e+03
4.194000000000000000e+03
4.195000000000000000e+03
4.196000000000000000e+03
4.197000000000000000e+03
4.198000000000000000e+03
4.199000000000000000e+03
4.243000000000000000e+03
4.366000000000000000e+03
4.367000000000000000e+03
4.368000000000000000e+03
4.369000000000000000e+03
4.551000000000000000e+03
4.552000000000000000e+03
4.553000000000000000e+03
4.772000000000000000e+03
4.773000000000000000e+03
5.005000000000000000e+03
5.006000000000000000e+03
5.007000000000000000e+03
5.008000000000000000e+03
5.009000000000000000e+03
5.010000000000000000e+03
5.065000000000000000e+03
5.066000000000000000e+03
5.067000000000000000e+03
5.068000000000000000e+03
5.069000000000000000e+03
5.105000000000000000e+03
5.106000000000000000e+03
5.107000000000000000e+03
5.108000000000000000e+03
5.109000000000000000e+03
5.110000000000000000e+03
5.111000000000000000e+03
5.112000000000000000e+03
5.129000000000000000e+03
5.142000000000000000e+03
5.143000000000000000e+03
5.144000000000000000e+03
5.268000000000000000e+03
5.269000000000000000e+03
5.270000000000000000e+03
5.271000000000000000e+03
5.301000000000000000e+03
5.307000000000000000e+03
5.308000000000000000e+03
5.309000000000000000e+03
5.310000000000000000e+03
5.311000000000000000e+03
5.312000000000000000e+03
5.313000000000000000e+03
5.314000000000000000e+03
5.315000000000000000e+03
5.339000000000000000e+03
5.340000000000000000e+03
5.341000000000000000e+03
5.342000000000000000e+03
5.343000000000000000e+03
5.344000000000000000e+03
5.345000000000000000e+03
5.346000000000000000e+03
5.367000000000000000e+03
5.368000000000000000e+03
5.369000000000000000e+03
5.370000000000000000e+03
5.371000000000000000e+03
5.372000000000000000e+03
5.373000000000000000e+03
5.374000000000000000e+03
5.375000000000000000e+03
5.391000000000000000e+03
5.392000000000000000e+03
5.393000000000000000e+03
5.394000000000000000e+03
5.395000000000000000e+03
5.396000000000000000e+03
5.397000000000000000e+03
5.398000000000000000e+03
5.399000000000000000e+03
5.400000000000000000e+03
5.401000000000000000e+03
5.402000000000000000e+03
5.454000000000000000e+03
5.455000000000000000e+03
5.456000000000000000e+03
5.457000000000000000e+03
5.458000000000000000e+03
5.459000000000000000e+03
5.461000000000000000e+03
5.462000000000000000e+03
5.495000000000000000e+03
5.514000000000000000e+03
5.515000000000000000e+03
5.516000000000000000e+03
5.517000000000000000e+03
5.518000000000000000e+03
5.519000000000000000e+03
5.520000000000000000e+03
5.521000000000000000e+03
5.522000000000000000e+03
5.523000000000000000e+03
5.524000000000000000e+03
5.632000000000000000e+03
5.633000000000000000e+03
5.634000000000000000e+03
5.635000000000000000e+03
5.669000000000000000e+03
5.670000000000000000e+03
5.671000000000000000e+03
5.701000000000000000e+03
5.702000000000000000e+03
5.717000000000000000e+03
5.718000000000000000e+03
5.740000000000000000e+03
5.741000000000000000e+03
5.742000000000000000e+03
5.743000000000000000e+03
5.744000000000000000e+03
5.745000000000000000e+03
5.746000000000000000e+03
5.748000000000000000e+03
5.749000000000000000e+03
5.750000000000000000e+03
5.772000000000000000e+03
5.773000000000000000e+03
5.774000000000000000e+03
5.775000000000000000e+03
5.778000000000000000e+03
5.825000000000000000e+03
5.826000000000000000e+03
5.827000000000000000e+03
5.828000000000000000e+03
5.829000000000000000e+03
5.830000000000000000e+03
5.831000000000000000e+03
5.874000000000000000e+03
5.884000000000000000e+03
5.885000000000000000e+03
5.886000000000000000e+03
5.912000000000000000e+03
5.913000000000000000e+03
5.914000000000000000e+03
5.915000000000000000e+03
5.916000000000000000e+03
5.917000000000000000e+03
5.918000000000000000e+03
5.919000000000000000e+03
5.940000000000000000e+03
5.941000000000000000e+03
5.942000000000000000e+03
5.943000000000000000e+03
5.944000000000000000e+03
5.946000000000000000e+03
5.947000000000000000e+03
5.985000000000000000e+03
5.986000000000000000e+03
6.000000000000000000e+03
6.006000000000000000e+03
6.007000000000000000e+03
6.008000000000000000e+03
6.009000000000000000e+03
6.010000000000000000e+03
6.224000000000000000e+03
6.225000000000000000e+03
6.226000000000000000e+03
6.227000000000000000e+03
6.228000000000000000e+03
6.229000000000000000e+03
6.262000000000000000e+03
6.265000000000000000e+03
6.266000000000000000e+03
6.267000000000000000e+03
6.268000000000000000e+03
6.269000000000000000e+03
6.270000000000000000e+03
6.271000000000000000e+03
6.272000000000000000e+03
6.273000000000000000e+03
6.408000000000000000e+03
6.409000000000000000e+03
6.410000000000000000e+03
6.411000000000000000e+03
6.522000000000000000e+03
6.627000000000000000e+03
6.628000000000000000e+03
6.629000000000000000e+03
6.630000000000000000e+03
6.631000000000000000e+03
6.632000000000000000e+03
6.657000000000000000e+03
6.684000000000000000e+03
6.685000000000000000e+03
6.686000000000000000e+03
6.687000000000000000e+03
6.688000000000000000e+03
6.689000000000000000e+03
6.690000000000000000e+03
6.691000000000000000e+03
6.692000000000000000e+03
6.693000000000000000e+03
6.694000000000000000e+03
6.695000000000000000e+03
6.696000000000000000e+03
6.697000000000000000e+03
6.698000000000000000e+03
6.699000000000000000e+03
6.700000000000000000e+03
6.701000000000000000e+03
6.702000000000000000e+03
6.715000000000000000e+03
6.718000000000000000e+03
6.721000000000000000e+03
6.722000000000000000e+03
6.754000000000000000e+03
