1.800000000000000000e+01
2.800000000000000000e+01
2.900000000000000000e+01
3.000000000000000000e+01
3.100000000000000000e+01
3.200000000000000000e+01
3.300000000000000000e+01
3.400000000000000000e+01
3.500000000000000000e+01
7.400000000000000000e+01
7.500000000000000000e+01
7.700000000000000000e+01
7.900000000000000000e+01
2.410000000000000000e+02
2.420000000000000000e+02
2.430000000000000000e+02
2.440000000000000000e+02
2.450000000000000000e+02
2.590000000000000000e+02
5.440000000000000000e+02
5.450000000000000000e+02
5.460000000000000000e+02
5.470000000000000000e+02
5.500000000000000000e+02
5.720000000000000000e+02
5.730000000000000000e+02
5.740000000000000000e+02
5.750000000000000000e+02
5.760000000000000000e+02
5.770000000000000000e+02
5.780000000000000000e+02
5.790000000000000000e+02
5.800000000000000000e+02
5.810000000000000000e+02
5.820000000000000000e+02
6.080000000000000000e+02
6.100000000000000000e+02
6.120000000000000000e+02
6.130000000000000000e+02
6.140000000000000000e+02
6.280000000000000000e+02
7.330000000000000000e+02
7.350000000000000000e+02
7.360000000000000000e+02
7.370000000000000000e+02
7.380000000000000000e+02
7.390000000000000000e+02
7.510000000000000000e+02
7.520000000000000000e+02
7.530000000000000000e+02
8.040000000000000000e+02
8.050000000000000000e+02
9.280000000000000000e+02
9.290000000000000000e+02
9.300000000000000000e+02
9.310000000000000000e+02
9.320000000000000000e+02
9.330000000000000000e+02
9.340000000000000000e+02
9.350000000000000000e+02
9.360000000000000000e+02
9.370000000000000000e+02
9.380000000000000000e+02
9.390000000000000000e+02
9.400000000000000000e+02
9.410000000000000000e+02
9.420000000000000000e+02
9.430000000000000000e+02
9.440000000000000000e+02
9.450000000000000000e+02
9.760000000000000000e+02
9.770000000000000000e+02
9.780000000000000000e+02
9.790000000000000000e+02
9.800000000000000000e+02
9.820000000000000000e+02
9.830000000000000000e+02
9.840000000000000000e+02
1.069000000000000000e+03
1.093000000000000000e+03
1.095000000000000000e+03
1.096000000000000000e+03
1.126000000000000000e+03
1.127000000000000000e+03
1.128000000000000000e+03
1.129000000000000000e+03
1.132000000000000000e+03
1.133000000000000000e+03
1.134000000000000000e+03
1.135000000000000000e+03
1.136000000000000000e+03
1.175000000000000000e+03
1.176000000000000000e+03
1.221000000000000000e+03
1.226000000000000000e+03
1.255000000000000000e+03
1.275000000000000000e+03
1.276000000000000000e+03
1.277000000000000000e+03
1.291000000000000000e+03
1.327000000000000000e+03
1.328000000000000000e+03
1.330000000000000000e+03
1.332000000000000000e+03
1.333000000000000000e+03
1.335000000000000000e+03
1.336000000000000000e+03
1.337000000000000000e+03
1.338000000000000000e+03
1.340000000000000000e+03
1.341000000000000000e+03
1.351000000000000000e+03
1.353000000000000000e+03
1.365000000000000000e+03
1.366000000000000000e+03
1.367000000000000000e+03
1.371000000000000000e+03
1.372000000000000000e+03
1.374000000000000000e+03
1.471000000000000000e+03
1.472000000000000000e+03
1.473000000000000000e+03
1.474000000000000000e+03
1.476000000000000000e+03
1.478000000000000000e+03
1.587000000000000000e+03
1.626000000000000000e+03
1.627000000000000000e+03
1.628000000000000000e+03
1.631000000000000000e+03
1.634000000000000000e+03
1.635000000000000000e+03
1.636000000000000000e+03
1.637000000000000000e+03
1.638000000000000000e+03
1.640000000000000000e+03
1.641000000000000000e+03
1.642000000000000000e+03
1.643000000000000000e+03
1.644000000000000000e+03
1.646000000000000000e+03
1.657000000000000000e+03
1.738000000000000000e+03
1.739000000000000000e+03
1.740000000000000000e+03
1.741000000000000000e+03
1.742000000000000000e+03
1.743000000000000000e+03
1.745000000000000000e+03
1.746000000000000000e+03
1.748000000000000000e+03
1.749000000000000000e+03
1.750000000000000000e+03
1.751000000000000000e+03
1.752000000000000000e+03
1.753000000000000000e+03
1.756000000000000000e+03
1.775000000000000000e+03
1.776000000000000000e+03
1.777000000000000000e+03
1.778000000000000000e+03
1.779000000000000000e+03
1.780000000000000000e+03
1.906000000000000000e+03
1.907000000000000000e+03
1.938000000000000000e+03
1.952000000000000000e+03
1.954000000000000000e+03
1.955000000000000000e+03
1.957000000000000000e+03
1.958000000000000000e+03
1.959000000000000000e+03
1.961000000000000000e+03
1.962000000000000000e+03
1.963000000000000000e+03
1.964000000000000000e+03
1.966000000000000000e+03
1.980000000000000000e+03
1.988000000000000000e+03
1.989000000000000000e+03
1.990000000000000000e+03
1.991000000000000000e+03
1.993000000000000000e+03
1.994000000000000000e+03
1.995000000000000000e+03
2.036000000000000000e+03
2.041000000000000000e+03
2.042000000000000000e+03
2.043000000000000000e+03
2.044000000000000000e+03
2.052000000000000000e+03
2.053000000000000000e+03
2.055000000000000000e+03
2.058000000000000000e+03
2.059000000000000000e+03
2.073000000000000000e+03
2.074000000000000000e+03
2.075000000000000000e+03
2.076000000000000000e+03
2.077000000000000000e+03
2.078000000000000000e+03
2.088000000000000000e+03
2.090000000000000000e+03
2.091000000000000000e+03
2.169000000000000000e+03
2.170000000000000000e+03
2.171000000000000000e+03
2.172000000000000000e+03
2.173000000000000000e+03
2.174000000000000000e+03
2.215000000000000000e+03
2.220000000000000000e+03
2.389000000000000000e+03
2.390000000000000000e+03
2.391000000000000000e+03
2.574000000000000000e+03
2.575000000000000000e+03
2.734000000000000000e+03
2.735000000000000000e+03
2.736000000000000000e+03
2.737000000000000000e+03
2.738000000000000000e+03
2.739000000000000000e+03
2.740000000000000000e+03
2.741000000000000000e+03
2.743000000000000000e+03
2.745000000000000000e+03
2.746000000000000000e+03
3.021000000000000000e+03
3.022000000000000000e+03
3.033000000000000000e+03
3.213000000000000000e+03
3.214000000000000000e+03
3.215000000000000000e+03
3.216000000000000000e+03
3.217000000000000000e+03
3.260000000000000000e+03
3.301000000000000000e+03
3.610000000000000000e+03
3.611000000000000000e+03
3.612000000000000000e+03
3.613000000000000000e+03
3.817000000000000000e+03
3.818000000000000000e+03
3.820000000000000000e+03
3.821000000000000000e+03
3.822000000000000000e+03
3.823000000000000000e+03
3.824000000000000000e+03
3.825000000000000000e+03
3.826000000000000000e+03
3.871000000000000000e+03
3.872000000000000000e+03
4.056000000000000000e+03
4.057000000000000000e+03
4.066000000000000000e+03
4.139000000000000000e+03
4.140000000000000000e+03
4.141000000000000000e+03
4.142000000000000000e+03
4.143000000000000000e+03
4.144000000000000000e+03
4.145000000000000000e+03
4.146000000000000000e+03
4.147000000000000000e+03
4.148000000000000000e+03
4.149000000000000000e+03
4.187000000000000000e+03
4.188000000000000000e+03
4.189000000000000000e+03
4.362000000000000000e+03
4.363000000000000000e+03
4.364000000000000000e+03
4.365000000000000000e+03
4.769000000000000000e+03
4.770000000000000000e+03
4.771000000000000000e+03
4.982000000000000000e+03
4.990000000000000000e+03
4.995000000000000000e+03
4.996000000000000000e+03
5.060000000000000000e+03
5.061000000000000000e+03
5.062000000000000000e+03
5.064000000000000000e+03
5.101000000000000000e+03
5.102000000000000000e+03
5.103000000000000000e+03
5.139000000000000000e+03
5.140000000000000000e+03
5.141000000000000000e+03
5.256000000000000000e+03
5.257000000000000000e+03
5.258000000000000000e+03
5.259000000000000000e+03
5.260000000000000000e+03
5.261000000000000000e+03
5.262000000000000000e+03
5.263000000000000000e+03
5.264000000000000000e+03
5.265000000000000000e+03
5.266000000000000000e+03
5.267000000000000000e+03
5.306000000000000000e+03
5.347000000000000000e+03
5.348000000000000000e+03
5.349000000000000000e+03
5.350000000000000000e+03
5.351000000000000000e+03
5.352000000000000000e+03
5.353000000000000000e+03
5.354000000000000000e+03
5.355000000000000000e+03
5.356000000000000000e+03
5.357000000000000000e+03
5.376000000000000000e+03
5.453000000000000000e+03
5.496000000000000000e+03
5.497000000000000000e+03
5.498000000000000000e+03
5.499000000000000000e+03
5.500000000000000000e+03
5.501000000000000000e+03
5.502000000000000000e+03
5.503000000000000000e+03
5.504000000000000000e+03
5.505000000000000000e+03
5.506000000000000000e+03
5.507000000000000000e+03
5.511000000000000000e+03
5.512000000000000000e+03
5.513000000000000000e+03
5.627000000000000000e+03
5.628000000000000000e+03
5.629000000000000000e+03
5.630000000000000000e+03
5.631000000000000000e+03
5.682000000000000000e+03
5.683000000000000000e+03
5.684000000000000000e+03
5.705000000000000000e+03
5.706000000000000000e+03
5.708000000000000000e+03
5.709000000000000000e+03
5.710000000000000000e+03
5.711000000000000000e+03
5.712000000000000000e+03
5.713000000000000000e+03
5.714000000000000000e+03
5.715000000000000000e+03
5.716000000000000000e+03
5.747000000000000000e+03
5.821000000000000000e+03
5.822000000000000000e+03
5.823000000000000000e+03
5.824000000000000000e+03
5.855000000000000000e+03
5.857000000000000000e+03
5.858000000000000000e+03
5.887000000000000000e+03
5.888000000000000000e+03
5.891000000000000000e+03
5.892000000000000000e+03
5.907000000000000000e+03
5.908000000000000000e+03
5.909000000000000000e+03
5.910000000000000000e+03
5.911000000000000000e+03
5.987000000000000000e+03
5.988000000000000000e+03
5.989000000000000000e+03
5.990000000000000000e+03
5.991000000000000000e+03
5.992000000000000000e+03
5.993000000000000000e+03
5.994000000000000000e+03
5.995000000000000000e+03
5.996000000000000000e+03
5.997000000000000000e+03
5.998000000000000000e+03
5.999000000000000000e+03
6.001000000000000000e+03
6.003000000000000000e+03
6.004000000000000000e+03
6.005000000000000000e+03
6.215000000000000000e+03
6.216000000000000000e+03
6.217000000000000000e+03
6.220000000000000000e+03
6.221000000000000000e+03
6.222000000000000000e+03
6.223000000000000000e+03
6.252000000000000000e+03
6.253000000000000000e+03
6.254000000000000000e+03
6.255000000000000000e+03
6.256000000000000000e+03
6.257000000000000000e+03
6.258000000000000000e+03
6.259000000000000000e+03
6.260000000000000000e+03
6.261000000000000000e+03
6.263000000000000000e+03
6.264000000000000000e+03
6.404000000000000000e+03
6.405000000000000000e+03
6.406000000000000000e+03
6.407000000000000000e+03
6.516000000000000000e+03
6.517000000000000000e+03
6.518000000000000000e+03
6.519000000000000000e+03
6.520000000000000000e+03
6.521000000000000000e+03
6.611000000000000000e+03
6.623000000000000000e+03
6.624000000000000000e+03
6.625000000000000000e+03
6.626000000000000000e+03
6.633000000000000000e+03
6.635000000000000000e+03
6.636000000000000000e+03
6.637000000000000000e+03
6.638000000000000000e+03
6.639000000000000000e+03
6.640000000000000000e+03
6.641000000000000000e+03
6.642000000000000000e+03
6.660000000000000000e+03
6.661000000000000000e+03
6.663000000000000000e+03
6.666000000000000000e+03
6.667000000000000000e+03
6.668000000000000000e+03
6.669000000000000000e+03
6.670000000000000000e+03
6.671000000000000000e+03
6.672000000000000000e+03
6.675000000000000000e+03
6.719000000000000000e+03
