1.850000000000000000e+02
1.860000000000000000e+02
1.880000000000000000e+02
4.760000000000000000e+02
4.770000000000000000e+02
4.780000000000000000e+02
4.790000000000000000e+02
4.800000000000000000e+02
4.810000000000000000e+02
4.820000000000000000e+02
4.840000000000000000e+02
4.850000000000000000e+02
5.300000000000000000e+02
5.320000000000000000e+02
5.330000000000000000e+02
5.340000000000000000e+02
5.350000000000000000e+02
5.360000000000000000e+02
5.370000000000000000e+02
5.540000000000000000e+02
5.550000000000000000e+02
5.560000000000000000e+02
6.730000000000000000e+02
6.840000000000000000e+02
7.220000000000000000e+02
7.230000000000000000e+02
7.240000000000000000e+02
7.250000000000000000e+02
9.170000000000000000e+02
1.610000000000000000e+03
1.612000000000000000e+03
1.613000000000000000e+03
1.614000000000000000e+03
1.615000000000000000e+03
1.616000000000000000e+03
1.845000000000000000e+03
1.846000000000000000e+03
1.872000000000000000e+03
1.873000000000000000e+03
1.875000000000000000e+03
2.031000000000000000e+03
2.032000000000000000e+03
2.033000000000000000e+03
2.262000000000000000e+03
2.263000000000000000e+03
2.268000000000000000e+03
2.281000000000000000e+03
2.282000000000000000e+03
2.283000000000000000e+03
2.284000000000000000e+03
2.285000000000000000e+03
2.286000000000000000e+03
2.288000000000000000e+03
2.289000000000000000e+03
2.290000000000000000e+03
2.356000000000000000e+03
2.358000000000000000e+03
2.359000000000000000e+03
2.360000000000000000e+03
2.361000000000000000e+03
2.454000000000000000e+03
2.455000000000000000e+03
2.457000000000000000e+03
2.558000000000000000e+03
2.707000000000000000e+03
2.709000000000000000e+03
2.795000000000000000e+03
2.802000000000000000e+03
2.803000000000000000e+03
2.870000000000000000e+03
2.871000000000000000e+03
2.877000000000000000e+03
2.941000000000000000e+03
2.943000000000000000e+03
2.944000000000000000e+03
2.949000000000000000e+03
2.950000000000000000e+03
2.976000000000000000e+03
3.178000000000000000e+03
3.179000000000000000e+03
3.180000000000000000e+03
3.181000000000000000e+03
3.182000000000000000e+03
3.183000000000000000e+03
3.403000000000000000e+03
3.405000000000000000e+03
3.410000000000000000e+03
3.480000000000000000e+03
3.481000000000000000e+03
3.485000000000000000e+03
3.486000000000000000e+03
3.488000000000000000e+03
3.489000000000000000e+03
3.554000000000000000e+03
3.556000000000000000e+03
3.703000000000000000e+03
3.705000000000000000e+03
3.707000000000000000e+03
3.710000000000000000e+03
3.711000000000000000e+03
3.757000000000000000e+03
3.758000000000000000e+03
3.834000000000000000e+03
3.835000000000000000e+03
3.836000000000000000e+03
3.946000000000000000e+03
3.948000000000000000e+03
3.949000000000000000e+03
3.950000000000000000e+03
4.033000000000000000e+03
4.038000000000000000e+03
4.287000000000000000e+03
4.354000000000000000e+03
4.355000000000000000e+03
4.356000000000000000e+03
4.357000000000000000e+03
4.397000000000000000e+03
4.624000000000000000e+03
4.627000000000000000e+03
4.843000000000000000e+03
4.844000000000000000e+03
4.845000000000000000e+03
4.873000000000000000e+03
5.078000000000000000e+03
5.080000000000000000e+03
5.082000000000000000e+03
5.581000000000000000e+03
5.583000000000000000e+03
5.584000000000000000e+03
5.606000000000000000e+03
5.607000000000000000e+03
5.659000000000000000e+03
5.660000000000000000e+03
5.661000000000000000e+03
5.809000000000000000e+03
5.810000000000000000e+03
5.811000000000000000e+03
5.813000000000000000e+03
5.851000000000000000e+03
6.078000000000000000e+03
6.079000000000000000e+03
6.184000000000000000e+03
6.185000000000000000e+03
6.193000000000000000e+03
6.194000000000000000e+03
6.195000000000000000e+03
6.364000000000000000e+03
6.391000000000000000e+03
6.392000000000000000e+03
6.393000000000000000e+03
6.394000000000000000e+03
6.395000000000000000e+03
6.396000000000000000e+03
6.397000000000000000e+03
6.398000000000000000e+03
6.462000000000000000e+03
6.463000000000000000e+03
6.464000000000000000e+03
6.465000000000000000e+03
6.466000000000000000e+03
6.558000000000000000e+03
6.559000000000000000e+03
