1.000000000000000000e+01
1.100000000000000000e+01
1.200000000000000000e+01
1.300000000000000000e+01
1.830000000000000000e+02
1.840000000000000000e+02
2.200000000000000000e+02
2.210000000000000000e+02
2.220000000000000000e+02
2.230000000000000000e+02
2.240000000000000000e+02
2.250000000000000000e+02
2.260000000000000000e+02
2.270000000000000000e+02
2.280000000000000000e+02
2.290000000000000000e+02
2.300000000000000000e+02
2.310000000000000000e+02
2.320000000000000000e+02
2.330000000000000000e+02
2.340000000000000000e+02
2.350000000000000000e+02
2.390000000000000000e+02
2.400000000000000000e+02
3.400000000000000000e+02
3.410000000000000000e+02
3.420000000000000000e+02
3.430000000000000000e+02
3.440000000000000000e+02
3.450000000000000000e+02
3.460000000000000000e+02
3.540000000000000000e+02
3.550000000000000000e+02
3.560000000000000000e+02
3.570000000000000000e+02
3.600000000000000000e+02
3.660000000000000000e+02
3.670000000000000000e+02
3.680000000000000000e+02
3.690000000000000000e+02
4.830000000000000000e+02
5.290000000000000000e+02
5.310000000000000000e+02
5.380000000000000000e+02
5.390000000000000000e+02
5.400000000000000000e+02
5.410000000000000000e+02
5.420000000000000000e+02
5.430000000000000000e+02
5.620000000000000000e+02
5.630000000000000000e+02
5.640000000000000000e+02
5.650000000000000000e+02
5.660000000000000000e+02
5.670000000000000000e+02
6.740000000000000000e+02
6.750000000000000000e+02
6.760000000000000000e+02
6.770000000000000000e+02
6.780000000000000000e+02
6.790000000000000000e+02
6.800000000000000000e+02
6.810000000000000000e+02
6.820000000000000000e+02
6.830000000000000000e+02
7.190000000000000000e+02
7.200000000000000000e+02
7.210000000000000000e+02
7.260000000000000000e+02
7.270000000000000000e+02
7.280000000000000000e+02
7.290000000000000000e+02
7.300000000000000000e+02
8.820000000000000000e+02
8.830000000000000000e+02
8.840000000000000000e+02
8.850000000000000000e+02
8.860000000000000000e+02
8.870000000000000000e+02
8.880000000000000000e+02
8.890000000000000000e+02
8.900000000000000000e+02
8.910000000000000000e+02
8.930000000000000000e+02
8.940000000000000000e+02
9.110000000000000000e+02
9.130000000000000000e+02
9.140000000000000000e+02
9.180000000000000000e+02
9.190000000000000000e+02
9.200000000000000000e+02
9.210000000000000000e+02
9.220000000000000000e+02
9.230000000000000000e+02
9.240000000000000000e+02
9.250000000000000000e+02
9.260000000000000000e+02
9.270000000000000000e+02
1.218000000000000000e+03
1.454000000000000000e+03
1.455000000000000000e+03
1.456000000000000000e+03
1.457000000000000000e+03
1.458000000000000000e+03
1.459000000000000000e+03
1.460000000000000000e+03
1.461000000000000000e+03
1.462000000000000000e+03
1.463000000000000000e+03
1.464000000000000000e+03
1.466000000000000000e+03
1.611000000000000000e+03
1.617000000000000000e+03
1.618000000000000000e+03
1.619000000000000000e+03
1.620000000000000000e+03
1.621000000000000000e+03
1.622000000000000000e+03
1.625000000000000000e+03
1.841000000000000000e+03
1.842000000000000000e+03
1.843000000000000000e+03
1.844000000000000000e+03
1.847000000000000000e+03
1.848000000000000000e+03
1.863000000000000000e+03
1.864000000000000000e+03
1.865000000000000000e+03
1.866000000000000000e+03
1.867000000000000000e+03
1.868000000000000000e+03
1.869000000000000000e+03
1.870000000000000000e+03
1.871000000000000000e+03
2.264000000000000000e+03
2.265000000000000000e+03
2.266000000000000000e+03
2.267000000000000000e+03
2.269000000000000000e+03
2.280000000000000000e+03
2.352000000000000000e+03
2.353000000000000000e+03
2.354000000000000000e+03
2.355000000000000000e+03
2.357000000000000000e+03
2.376000000000000000e+03
2.378000000000000000e+03
2.379000000000000000e+03
2.380000000000000000e+03
2.381000000000000000e+03
2.382000000000000000e+03
2.384000000000000000e+03
2.385000000000000000e+03
2.456000000000000000e+03
2.531000000000000000e+03
2.532000000000000000e+03
2.533000000000000000e+03
2.534000000000000000e+03
2.535000000000000000e+03
2.536000000000000000e+03
2.537000000000000000e+03
2.538000000000000000e+03
2.548000000000000000e+03
2.549000000000000000e+03
2.550000000000000000e+03
2.551000000000000000e+03
2.552000000000000000e+03
2.553000000000000000e+03
2.554000000000000000e+03
2.555000000000000000e+03
2.556000000000000000e+03
2.557000000000000000e+03
2.566000000000000000e+03
2.567000000000000000e+03
2.569000000000000000e+03
2.699000000000000000e+03
2.700000000000000000e+03
2.701000000000000000e+03
2.702000000000000000e+03
2.703000000000000000e+03
2.704000000000000000e+03
2.705000000000000000e+03
2.706000000000000000e+03
2.708000000000000000e+03
2.710000000000000000e+03
2.719000000000000000e+03
2.720000000000000000e+03
2.721000000000000000e+03
2.722000000000000000e+03
2.723000000000000000e+03
2.725000000000000000e+03
2.726000000000000000e+03
2.727000000000000000e+03
2.728000000000000000e+03
2.729000000000000000e+03
2.731000000000000000e+03
2.732000000000000000e+03
2.785000000000000000e+03
2.786000000000000000e+03
2.787000000000000000e+03
2.788000000000000000e+03
2.789000000000000000e+03
2.790000000000000000e+03
2.791000000000000000e+03
2.804000000000000000e+03
2.867000000000000000e+03
2.868000000000000000e+03
2.869000000000000000e+03
2.942000000000000000e+03
2.945000000000000000e+03
2.946000000000000000e+03
2.947000000000000000e+03
2.948000000000000000e+03
2.951000000000000000e+03
2.952000000000000000e+03
2.962000000000000000e+03
2.963000000000000000e+03
2.964000000000000000e+03
2.965000000000000000e+03
2.966000000000000000e+03
2.967000000000000000e+03
2.968000000000000000e+03
2.970000000000000000e+03
2.973000000000000000e+03
2.974000000000000000e+03
2.975000000000000000e+03
3.110000000000000000e+03
3.175000000000000000e+03
3.176000000000000000e+03
3.177000000000000000e+03
3.184000000000000000e+03
3.185000000000000000e+03
3.186000000000000000e+03
3.187000000000000000e+03
3.188000000000000000e+03
3.189000000000000000e+03
3.190000000000000000e+03
3.191000000000000000e+03
3.193000000000000000e+03
3.194000000000000000e+03
3.197000000000000000e+03
3.198000000000000000e+03
3.199000000000000000e+03
3.201000000000000000e+03
3.280000000000000000e+03
3.281000000000000000e+03
3.401000000000000000e+03
3.404000000000000000e+03
3.406000000000000000e+03
3.407000000000000000e+03
3.408000000000000000e+03
3.409000000000000000e+03
3.478000000000000000e+03
3.479000000000000000e+03
3.482000000000000000e+03
3.492000000000000000e+03
3.493000000000000000e+03
3.500000000000000000e+03
3.553000000000000000e+03
3.555000000000000000e+03
3.557000000000000000e+03
3.558000000000000000e+03
3.559000000000000000e+03
3.560000000000000000e+03
3.561000000000000000e+03
3.562000000000000000e+03
3.563000000000000000e+03
3.564000000000000000e+03
3.565000000000000000e+03
3.605000000000000000e+03
3.606000000000000000e+03
3.607000000000000000e+03
3.608000000000000000e+03
3.696000000000000000e+03
3.697000000000000000e+03
3.698000000000000000e+03
3.699000000000000000e+03
3.753000000000000000e+03
3.754000000000000000e+03
3.755000000000000000e+03
3.756000000000000000e+03
3.760000000000000000e+03
3.761000000000000000e+03
3.762000000000000000e+03
3.763000000000000000e+03
3.799000000000000000e+03
3.800000000000000000e+03
3.801000000000000000e+03
3.802000000000000000e+03
3.803000000000000000e+03
3.804000000000000000e+03
3.805000000000000000e+03
3.806000000000000000e+03
3.807000000000000000e+03
3.808000000000000000e+03
3.809000000000000000e+03
3.947000000000000000e+03
3.958000000000000000e+03
3.959000000000000000e+03
4.027000000000000000e+03
4.028000000000000000e+03
4.029000000000000000e+03
4.030000000000000000e+03
4.031000000000000000e+03
4.032000000000000000e+03
4.034000000000000000e+03
4.035000000000000000e+03
4.036000000000000000e+03
4.037000000000000000e+03
4.045000000000000000e+03
4.050000000000000000e+03
4.051000000000000000e+03
4.052000000000000000e+03
4.053000000000000000e+03
4.118000000000000000e+03
4.278000000000000000e+03
4.279000000000000000e+03
4.280000000000000000e+03
4.281000000000000000e+03
4.282000000000000000e+03
4.283000000000000000e+03
4.284000000000000000e+03
4.291000000000000000e+03
4.292000000000000000e+03
4.295000000000000000e+03
4.296000000000000000e+03
4.297000000000000000e+03
4.298000000000000000e+03
4.299000000000000000e+03
4.300000000000000000e+03
4.301000000000000000e+03
4.302000000000000000e+03
4.303000000000000000e+03
4.304000000000000000e+03
4.305000000000000000e+03
4.309000000000000000e+03
4.359000000000000000e+03
4.360000000000000000e+03
4.361000000000000000e+03
4.394000000000000000e+03
4.396000000000000000e+03
4.399000000000000000e+03
4.477000000000000000e+03
4.478000000000000000e+03
4.479000000000000000e+03
4.480000000000000000e+03
4.481000000000000000e+03
4.482000000000000000e+03
4.483000000000000000e+03
4.484000000000000000e+03
4.485000000000000000e+03
4.486000000000000000e+03
4.487000000000000000e+03
4.506000000000000000e+03
4.507000000000000000e+03
4.508000000000000000e+03
4.509000000000000000e+03
4.510000000000000000e+03
4.511000000000000000e+03
4.512000000000000000e+03
4.513000000000000000e+03
4.514000000000000000e+03
4.515000000000000000e+03
4.516000000000000000e+03
4.517000000000000000e+03
4.619000000000000000e+03
4.620000000000000000e+03
4.621000000000000000e+03
4.622000000000000000e+03
4.623000000000000000e+03
4.625000000000000000e+03
4.626000000000000000e+03
4.628000000000000000e+03
4.629000000000000000e+03
4.630000000000000000e+03
4.631000000000000000e+03
4.632000000000000000e+03
4.633000000000000000e+03
4.751000000000000000e+03
4.752000000000000000e+03
4.753000000000000000e+03
4.754000000000000000e+03
4.755000000000000000e+03
4.756000000000000000e+03
4.758000000000000000e+03
4.759000000000000000e+03
4.760000000000000000e+03
4.761000000000000000e+03
4.762000000000000000e+03
4.763000000000000000e+03
4.764000000000000000e+03
4.765000000000000000e+03
4.766000000000000000e+03
4.767000000000000000e+03
4.768000000000000000e+03
4.867000000000000000e+03
4.868000000000000000e+03
4.869000000000000000e+03
4.870000000000000000e+03
4.871000000000000000e+03
4.872000000000000000e+03
4.929000000000000000e+03
4.930000000000000000e+03
4.931000000000000000e+03
4.932000000000000000e+03
4.933000000000000000e+03
4.934000000000000000e+03
4.935000000000000000e+03
4.936000000000000000e+03
4.937000000000000000e+03
4.938000000000000000e+03
4.939000000000000000e+03
4.978000000000000000e+03
4.979000000000000000e+03
4.980000000000000000e+03
5.079000000000000000e+03
5.087000000000000000e+03
5.088000000000000000e+03
5.089000000000000000e+03
5.205000000000000000e+03
5.206000000000000000e+03
5.207000000000000000e+03
5.208000000000000000e+03
5.209000000000000000e+03
5.210000000000000000e+03
5.211000000000000000e+03
5.212000000000000000e+03
5.213000000000000000e+03
5.214000000000000000e+03
5.215000000000000000e+03
5.216000000000000000e+03
5.241000000000000000e+03
5.242000000000000000e+03
5.243000000000000000e+03
5.244000000000000000e+03
5.245000000000000000e+03
5.246000000000000000e+03
5.247000000000000000e+03
5.248000000000000000e+03
5.249000000000000000e+03
5.250000000000000000e+03
5.251000000000000000e+03
5.252000000000000000e+03
5.574000000000000000e+03
5.575000000000000000e+03
5.576000000000000000e+03
5.577000000000000000e+03
5.578000000000000000e+03
5.579000000000000000e+03
5.580000000000000000e+03
5.603000000000000000e+03
5.604000000000000000e+03
5.605000000000000000e+03
5.608000000000000000e+03
5.609000000000000000e+03
5.610000000000000000e+03
5.616000000000000000e+03
5.617000000000000000e+03
5.618000000000000000e+03
5.619000000000000000e+03
5.620000000000000000e+03
5.621000000000000000e+03
5.662000000000000000e+03
5.663000000000000000e+03
5.678000000000000000e+03
5.679000000000000000e+03
5.819000000000000000e+03
5.850000000000000000e+03
5.852000000000000000e+03
6.074000000000000000e+03
6.075000000000000000e+03
6.076000000000000000e+03
6.077000000000000000e+03
6.083000000000000000e+03
6.091000000000000000e+03
6.114000000000000000e+03
6.115000000000000000e+03
6.116000000000000000e+03
6.117000000000000000e+03
6.118000000000000000e+03
6.119000000000000000e+03
6.120000000000000000e+03
6.166000000000000000e+03
6.167000000000000000e+03
6.168000000000000000e+03
6.180000000000000000e+03
6.181000000000000000e+03
6.182000000000000000e+03
6.183000000000000000e+03
6.205000000000000000e+03
6.206000000000000000e+03
6.207000000000000000e+03
6.208000000000000000e+03
6.209000000000000000e+03
6.210000000000000000e+03
6.354000000000000000e+03
6.355000000000000000e+03
6.356000000000000000e+03
6.357000000000000000e+03
6.358000000000000000e+03
6.359000000000000000e+03
6.360000000000000000e+03
6.361000000000000000e+03
6.388000000000000000e+03
6.389000000000000000e+03
6.390000000000000000e+03
6.399000000000000000e+03
6.400000000000000000e+03
6.401000000000000000e+03
6.457000000000000000e+03
6.458000000000000000e+03
6.459000000000000000e+03
6.460000000000000000e+03
6.461000000000000000e+03
6.485000000000000000e+03
6.487000000000000000e+03
6.488000000000000000e+03
6.489000000000000000e+03
6.490000000000000000e+03
6.491000000000000000e+03
6.493000000000000000e+03
6.562000000000000000e+03
6.563000000000000000e+03
6.564000000000000000e+03
6.565000000000000000e+03
6.566000000000000000e+03
6.574000000000000000e+03
6.575000000000000000e+03
6.576000000000000000e+03
6.577000000000000000e+03
6.579000000000000000e+03
6.606000000000000000e+03
6.607000000000000000e+03
6.608000000000000000e+03
6.609000000000000000e+03
