1.040000000000000000e+02
1.050000000000000000e+02
1.090000000000000000e+02
1.110000000000000000e+02
1.160000000000000000e+02
4.080000000000000000e+02
4.640000000000000000e+02
4.650000000000000000e+02
4.690000000000000000e+02
4.750000000000000000e+02
6.010000000000000000e+02
6.020000000000000000e+02
6.030000000000000000e+02
6.040000000000000000e+02
6.060000000000000000e+02
6.170000000000000000e+02
6.180000000000000000e+02
6.190000000000000000e+02
6.200000000000000000e+02
7.420000000000000000e+02
7.430000000000000000e+02
7.440000000000000000e+02
7.450000000000000000e+02
7.460000000000000000e+02
7.480000000000000000e+02
7.490000000000000000e+02
7.560000000000000000e+02
7.590000000000000000e+02
7.600000000000000000e+02
7.610000000000000000e+02
7.620000000000000000e+02
7.630000000000000000e+02
7.900000000000000000e+02
7.910000000000000000e+02
7.920000000000000000e+02
7.930000000000000000e+02
7.940000000000000000e+02
7.950000000000000000e+02
7.970000000000000000e+02
9.520000000000000000e+02
9.550000000000000000e+02
9.560000000000000000e+02
9.570000000000000000e+02
9.580000000000000000e+02
9.600000000000000000e+02
9.610000000000000000e+02
9.640000000000000000e+02
9.650000000000000000e+02
9.660000000000000000e+02
9.670000000000000000e+02
9.680000000000000000e+02
9.700000000000000000e+02
1.033000000000000000e+03
1.034000000000000000e+03
1.035000000000000000e+03
1.036000000000000000e+03
1.037000000000000000e+03
1.038000000000000000e+03
1.039000000000000000e+03
1.040000000000000000e+03
1.068000000000000000e+03
1.072000000000000000e+03
1.122000000000000000e+03
1.123000000000000000e+03
1.164000000000000000e+03
1.165000000000000000e+03
1.166000000000000000e+03
1.167000000000000000e+03
1.168000000000000000e+03
1.169000000000000000e+03
1.171000000000000000e+03
1.185000000000000000e+03
1.186000000000000000e+03
1.187000000000000000e+03
1.192000000000000000e+03
1.285000000000000000e+03
1.287000000000000000e+03
1.288000000000000000e+03
1.289000000000000000e+03
1.316000000000000000e+03
1.317000000000000000e+03
1.318000000000000000e+03
1.319000000000000000e+03
1.321000000000000000e+03
1.322000000000000000e+03
1.323000000000000000e+03
1.404000000000000000e+03
1.405000000000000000e+03
1.406000000000000000e+03
1.407000000000000000e+03
1.408000000000000000e+03
1.409000000000000000e+03
1.410000000000000000e+03
1.414000000000000000e+03
1.415000000000000000e+03
1.416000000000000000e+03
1.417000000000000000e+03
1.418000000000000000e+03
1.419000000000000000e+03
1.483000000000000000e+03
1.525000000000000000e+03
1.529000000000000000e+03
1.530000000000000000e+03
1.533000000000000000e+03
1.534000000000000000e+03
1.536000000000000000e+03
1.583000000000000000e+03
1.584000000000000000e+03
1.647000000000000000e+03
1.648000000000000000e+03
1.649000000000000000e+03
1.650000000000000000e+03
1.655000000000000000e+03
1.656000000000000000e+03
1.693000000000000000e+03
1.761000000000000000e+03
1.762000000000000000e+03
1.763000000000000000e+03
1.765000000000000000e+03
1.766000000000000000e+03
1.767000000000000000e+03
1.768000000000000000e+03
1.769000000000000000e+03
1.770000000000000000e+03
1.771000000000000000e+03
1.772000000000000000e+03
1.773000000000000000e+03
1.797000000000000000e+03
1.798000000000000000e+03
1.799000000000000000e+03
1.800000000000000000e+03
1.801000000000000000e+03
1.803000000000000000e+03
1.804000000000000000e+03
1.805000000000000000e+03
1.806000000000000000e+03
1.807000000000000000e+03
1.808000000000000000e+03
1.940000000000000000e+03
1.945000000000000000e+03
1.946000000000000000e+03
1.970000000000000000e+03
1.974000000000000000e+03
2.024000000000000000e+03
2.025000000000000000e+03
2.026000000000000000e+03
2.027000000000000000e+03
2.028000000000000000e+03
2.029000000000000000e+03
2.030000000000000000e+03
2.051000000000000000e+03
2.067000000000000000e+03
2.085000000000000000e+03
2.101000000000000000e+03
2.102000000000000000e+03
2.103000000000000000e+03
2.107000000000000000e+03
2.113000000000000000e+03
2.160000000000000000e+03
2.163000000000000000e+03
2.177000000000000000e+03
2.178000000000000000e+03
2.180000000000000000e+03
2.181000000000000000e+03
2.613000000000000000e+03
2.614000000000000000e+03
2.615000000000000000e+03
2.616000000000000000e+03
2.617000000000000000e+03
2.619000000000000000e+03
2.794000000000000000e+03
3.012000000000000000e+03
3.076000000000000000e+03
3.077000000000000000e+03
3.078000000000000000e+03
3.082000000000000000e+03
3.083000000000000000e+03
3.084000000000000000e+03
3.248000000000000000e+03
3.249000000000000000e+03
3.250000000000000000e+03
3.251000000000000000e+03
3.252000000000000000e+03
3.253000000000000000e+03
3.254000000000000000e+03
3.255000000000000000e+03
3.256000000000000000e+03
3.257000000000000000e+03
3.288000000000000000e+03
3.289000000000000000e+03
3.290000000000000000e+03
3.292000000000000000e+03
3.323000000000000000e+03
3.324000000000000000e+03
3.325000000000000000e+03
3.326000000000000000e+03
3.327000000000000000e+03
3.328000000000000000e+03
3.329000000000000000e+03
3.330000000000000000e+03
3.623000000000000000e+03
3.624000000000000000e+03
3.625000000000000000e+03
3.626000000000000000e+03
3.627000000000000000e+03
3.628000000000000000e+03
3.632000000000000000e+03
3.640000000000000000e+03
3.641000000000000000e+03
3.642000000000000000e+03
3.643000000000000000e+03
3.702000000000000000e+03
3.831000000000000000e+03
3.832000000000000000e+03
3.833000000000000000e+03
3.870000000000000000e+03
4.061000000000000000e+03
4.130000000000000000e+03
4.131000000000000000e+03
4.240000000000000000e+03
4.241000000000000000e+03
4.242000000000000000e+03
4.349000000000000000e+03
4.350000000000000000e+03
4.351000000000000000e+03
4.352000000000000000e+03
4.353000000000000000e+03
4.549000000000000000e+03
4.550000000000000000e+03
5.001000000000000000e+03
5.002000000000000000e+03
5.003000000000000000e+03
5.004000000000000000e+03
5.050000000000000000e+03
5.051000000000000000e+03
5.052000000000000000e+03
5.053000000000000000e+03
5.054000000000000000e+03
5.055000000000000000e+03
5.056000000000000000e+03
5.128000000000000000e+03
5.130000000000000000e+03
5.131000000000000000e+03
5.132000000000000000e+03
5.133000000000000000e+03
5.134000000000000000e+03
5.135000000000000000e+03
5.136000000000000000e+03
5.137000000000000000e+03
5.286000000000000000e+03
5.287000000000000000e+03
5.295000000000000000e+03
5.361000000000000000e+03
5.362000000000000000e+03
5.363000000000000000e+03
5.364000000000000000e+03
5.365000000000000000e+03
5.366000000000000000e+03
5.448000000000000000e+03
5.452000000000000000e+03
5.460000000000000000e+03
5.489000000000000000e+03
5.490000000000000000e+03
5.667000000000000000e+03
5.696000000000000000e+03
5.699000000000000000e+03
5.700000000000000000e+03
5.703000000000000000e+03
5.704000000000000000e+03
5.737000000000000000e+03
5.738000000000000000e+03
5.739000000000000000e+03
5.768000000000000000e+03
5.769000000000000000e+03
5.770000000000000000e+03
5.771000000000000000e+03
5.776000000000000000e+03
5.777000000000000000e+03
5.806000000000000000e+03
5.807000000000000000e+03
5.808000000000000000e+03
5.873000000000000000e+03
5.875000000000000000e+03
5.876000000000000000e+03
5.877000000000000000e+03
5.878000000000000000e+03
5.879000000000000000e+03
5.880000000000000000e+03
5.881000000000000000e+03
5.882000000000000000e+03
5.883000000000000000e+03
5.893000000000000000e+03
5.894000000000000000e+03
5.895000000000000000e+03
5.896000000000000000e+03
5.945000000000000000e+03
5.977000000000000000e+03
5.978000000000000000e+03
5.979000000000000000e+03
5.980000000000000000e+03
5.981000000000000000e+03
5.982000000000000000e+03
5.983000000000000000e+03
5.984000000000000000e+03
6.250000000000000000e+03
6.316000000000000000e+03
6.317000000000000000e+03
6.318000000000000000e+03
6.319000000000000000e+03
6.320000000000000000e+03
6.614000000000000000e+03
6.643000000000000000e+03
6.644000000000000000e+03
6.683000000000000000e+03
6.720000000000000000e+03
6.749000000000000000e+03
6.750000000000000000e+03
6.751000000000000000e+03
6.752000000000000000e+03
6.753000000000000000e+03
