1.400000000000000000e+01
1.500000000000000000e+01
1.600000000000000000e+01
1.700000000000000000e+01
1.900000000000000000e+01
2.000000000000000000e+01
2.100000000000000000e+01
2.200000000000000000e+01
2.300000000000000000e+01
2.400000000000000000e+01
2.500000000000000000e+01
2.600000000000000000e+01
2.700000000000000000e+01
6.000000000000000000e+01
6.100000000000000000e+01
6.200000000000000000e+01
6.300000000000000000e+01
6.400000000000000000e+01
6.500000000000000000e+01
6.600000000000000000e+01
6.700000000000000000e+01
6.800000000000000000e+01
6.900000000000000000e+01
7.000000000000000000e+01
7.100000000000000000e+01
7.200000000000000000e+01
7.300000000000000000e+01
1.100000000000000000e+02
1.140000000000000000e+02
1.150000000000000000e+02
1.170000000000000000e+02
2.460000000000000000e+02
2.470000000000000000e+02
2.480000000000000000e+02
3.970000000000000000e+02
3.980000000000000000e+02
3.990000000000000000e+02
4.000000000000000000e+02
4.010000000000000000e+02
4.020000000000000000e+02
4.030000000000000000e+02
4.040000000000000000e+02
4.050000000000000000e+02
4.060000000000000000e+02
4.070000000000000000e+02
4.660000000000000000e+02
4.670000000000000000e+02
4.680000000000000000e+02
5.680000000000000000e+02
5.690000000000000000e+02
5.700000000000000000e+02
5.710000000000000000e+02
5.900000000000000000e+02
5.910000000000000000e+02
5.920000000000000000e+02
5.930000000000000000e+02
5.940000000000000000e+02
6.070000000000000000e+02
6.090000000000000000e+02
6.110000000000000000e+02
6.150000000000000000e+02
6.160000000000000000e+02
7.310000000000000000e+02
7.320000000000000000e+02
7.340000000000000000e+02
7.400000000000000000e+02
7.570000000000000000e+02
7.580000000000000000e+02
8.000000000000000000e+02
8.020000000000000000e+02
8.030000000000000000e+02
9.500000000000000000e+02
9.510000000000000000e+02
9.530000000000000000e+02
9.540000000000000000e+02
9.590000000000000000e+02
9.620000000000000000e+02
9.710000000000000000e+02
9.720000000000000000e+02
9.730000000000000000e+02
1.021000000000000000e+03
1.022000000000000000e+03
1.023000000000000000e+03
1.024000000000000000e+03
1.025000000000000000e+03
1.026000000000000000e+03
1.027000000000000000e+03
1.028000000000000000e+03
1.029000000000000000e+03
1.030000000000000000e+03
1.031000000000000000e+03
1.032000000000000000e+03
1.064000000000000000e+03
1.065000000000000000e+03
1.066000000000000000e+03
1.067000000000000000e+03
1.073000000000000000e+03
1.074000000000000000e+03
1.075000000000000000e+03
1.076000000000000000e+03
1.077000000000000000e+03
1.078000000000000000e+03
1.079000000000000000e+03
1.080000000000000000e+03
1.081000000000000000e+03
1.082000000000000000e+03
1.083000000000000000e+03
1.084000000000000000e+03
1.085000000000000000e+03
1.086000000000000000e+03
1.087000000000000000e+03
1.088000000000000000e+03
1.089000000000000000e+03
1.090000000000000000e+03
1.091000000000000000e+03
1.092000000000000000e+03
1.094000000000000000e+03
1.105000000000000000e+03
1.106000000000000000e+03
1.107000000000000000e+03
1.108000000000000000e+03
1.109000000000000000e+03
1.110000000000000000e+03
1.111000000000000000e+03
1.112000000000000000e+03
1.113000000000000000e+03
1.114000000000000000e+03
1.115000000000000000e+03
1.116000000000000000e+03
1.117000000000000000e+03
1.118000000000000000e+03
1.119000000000000000e+03
1.120000000000000000e+03
1.121000000000000000e+03
1.124000000000000000e+03
1.125000000000000000e+03
1.130000000000000000e+03
1.131000000000000000e+03
1.170000000000000000e+03
1.173000000000000000e+03
1.177000000000000000e+03
1.178000000000000000e+03
1.179000000000000000e+03
1.180000000000000000e+03
1.181000000000000000e+03
1.182000000000000000e+03
1.183000000000000000e+03
1.184000000000000000e+03
1.219000000000000000e+03
1.220000000000000000e+03
1.222000000000000000e+03
1.223000000000000000e+03
1.224000000000000000e+03
1.225000000000000000e+03
1.227000000000000000e+03
1.228000000000000000e+03
1.229000000000000000e+03
1.230000000000000000e+03
1.231000000000000000e+03
1.232000000000000000e+03
1.233000000000000000e+03
1.234000000000000000e+03
1.235000000000000000e+03
1.236000000000000000e+03
1.237000000000000000e+03
1.238000000000000000e+03
1.239000000000000000e+03
1.240000000000000000e+03
1.241000000000000000e+03
1.242000000000000000e+03
1.243000000000000000e+03
1.272000000000000000e+03
1.273000000000000000e+03
1.274000000000000000e+03
1.280000000000000000e+03
1.281000000000000000e+03
1.282000000000000000e+03
1.283000000000000000e+03
1.290000000000000000e+03
1.320000000000000000e+03
1.324000000000000000e+03
1.325000000000000000e+03
1.326000000000000000e+03
1.329000000000000000e+03
1.331000000000000000e+03
1.334000000000000000e+03
1.339000000000000000e+03
1.342000000000000000e+03
1.343000000000000000e+03
1.344000000000000000e+03
1.345000000000000000e+03
1.346000000000000000e+03
1.347000000000000000e+03
1.348000000000000000e+03
1.349000000000000000e+03
1.350000000000000000e+03
1.352000000000000000e+03
1.368000000000000000e+03
1.369000000000000000e+03
1.370000000000000000e+03
1.373000000000000000e+03
1.377000000000000000e+03
1.378000000000000000e+03
1.467000000000000000e+03
1.468000000000000000e+03
1.469000000000000000e+03
1.470000000000000000e+03
1.479000000000000000e+03
1.485000000000000000e+03
1.510000000000000000e+03
1.511000000000000000e+03
1.512000000000000000e+03
1.513000000000000000e+03
1.514000000000000000e+03
1.515000000000000000e+03
1.516000000000000000e+03
1.517000000000000000e+03
1.518000000000000000e+03
1.519000000000000000e+03
1.520000000000000000e+03
1.521000000000000000e+03
1.522000000000000000e+03
1.523000000000000000e+03
1.524000000000000000e+03
1.526000000000000000e+03
1.527000000000000000e+03
1.528000000000000000e+03
1.579000000000000000e+03
1.580000000000000000e+03
1.581000000000000000e+03
1.582000000000000000e+03
1.585000000000000000e+03
1.586000000000000000e+03
1.632000000000000000e+03
1.633000000000000000e+03
1.639000000000000000e+03
1.680000000000000000e+03
1.681000000000000000e+03
1.682000000000000000e+03
1.683000000000000000e+03
1.684000000000000000e+03
1.685000000000000000e+03
1.686000000000000000e+03
1.687000000000000000e+03
1.688000000000000000e+03
1.689000000000000000e+03
1.690000000000000000e+03
1.691000000000000000e+03
1.692000000000000000e+03
1.719000000000000000e+03
1.720000000000000000e+03
1.721000000000000000e+03
1.722000000000000000e+03
1.723000000000000000e+03
1.724000000000000000e+03
1.725000000000000000e+03
1.726000000000000000e+03
1.727000000000000000e+03
1.728000000000000000e+03
1.729000000000000000e+03
1.730000000000000000e+03
1.731000000000000000e+03
1.732000000000000000e+03
1.733000000000000000e+03
1.734000000000000000e+03
1.735000000000000000e+03
1.736000000000000000e+03
1.737000000000000000e+03
1.744000000000000000e+03
1.764000000000000000e+03
1.774000000000000000e+03
1.795000000000000000e+03
1.796000000000000000e+03
1.902000000000000000e+03
1.903000000000000000e+03
1.904000000000000000e+03
1.905000000000000000e+03
1.931000000000000000e+03
1.932000000000000000e+03
1.933000000000000000e+03
1.934000000000000000e+03
1.935000000000000000e+03
1.936000000000000000e+03
1.937000000000000000e+03
1.939000000000000000e+03
1.953000000000000000e+03
1.960000000000000000e+03
1.968000000000000000e+03
1.969000000000000000e+03
1.975000000000000000e+03
1.976000000000000000e+03
1.977000000000000000e+03
1.978000000000000000e+03
1.979000000000000000e+03
1.981000000000000000e+03
1.982000000000000000e+03
1.983000000000000000e+03
1.987000000000000000e+03
1.992000000000000000e+03
2.022000000000000000e+03
2.023000000000000000e+03
2.034000000000000000e+03
2.035000000000000000e+03
2.037000000000000000e+03
2.038000000000000000e+03
2.039000000000000000e+03
2.040000000000000000e+03
2.056000000000000000e+03
2.068000000000000000e+03
2.069000000000000000e+03
2.070000000000000000e+03
2.071000000000000000e+03
2.072000000000000000e+03
2.079000000000000000e+03
2.080000000000000000e+03
2.081000000000000000e+03
2.082000000000000000e+03
2.083000000000000000e+03
2.084000000000000000e+03
2.086000000000000000e+03
2.094000000000000000e+03
2.095000000000000000e+03
2.096000000000000000e+03
2.097000000000000000e+03
2.098000000000000000e+03
2.099000000000000000e+03
2.100000000000000000e+03
2.104000000000000000e+03
2.105000000000000000e+03
2.149000000000000000e+03
2.150000000000000000e+03
2.151000000000000000e+03
2.152000000000000000e+03
2.153000000000000000e+03
2.154000000000000000e+03
2.155000000000000000e+03
2.156000000000000000e+03
2.157000000000000000e+03
2.158000000000000000e+03
2.159000000000000000e+03
2.161000000000000000e+03
2.162000000000000000e+03
2.175000000000000000e+03
2.176000000000000000e+03
2.179000000000000000e+03
2.206000000000000000e+03
2.207000000000000000e+03
2.208000000000000000e+03
2.209000000000000000e+03
2.210000000000000000e+03
2.211000000000000000e+03
2.212000000000000000e+03
2.213000000000000000e+03
2.214000000000000000e+03
2.609000000000000000e+03
2.610000000000000000e+03
2.611000000000000000e+03
2.612000000000000000e+03
2.792000000000000000e+03
3.002000000000000000e+03
3.003000000000000000e+03
3.004000000000000000e+03
3.005000000000000000e+03
3.006000000000000000e+03
3.007000000000000000e+03
3.008000000000000000e+03
3.009000000000000000e+03
3.010000000000000000e+03
3.011000000000000000e+03
3.013000000000000000e+03
3.014000000000000000e+03
3.015000000000000000e+03
3.016000000000000000e+03
3.073000000000000000e+03
3.074000000000000000e+03
3.075000000000000000e+03
3.212000000000000000e+03
3.246000000000000000e+03
3.247000000000000000e+03
3.258000000000000000e+03
3.259000000000000000e+03
3.282000000000000000e+03
3.283000000000000000e+03
3.284000000000000000e+03
3.285000000000000000e+03
3.286000000000000000e+03
3.287000000000000000e+03
3.331000000000000000e+03
3.332000000000000000e+03
3.609000000000000000e+03
3.614000000000000000e+03
3.615000000000000000e+03
3.616000000000000000e+03
3.617000000000000000e+03
3.618000000000000000e+03
3.619000000000000000e+03
3.620000000000000000e+03
3.621000000000000000e+03
3.622000000000000000e+03
3.629000000000000000e+03
3.630000000000000000e+03
3.631000000000000000e+03
3.633000000000000000e+03
3.700000000000000000e+03
3.701000000000000000e+03
3.819000000000000000e+03
3.867000000000000000e+03
3.868000000000000000e+03
3.869000000000000000e+03
3.873000000000000000e+03
3.874000000000000000e+03
4.054000000000000000e+03
4.055000000000000000e+03
4.058000000000000000e+03
4.059000000000000000e+03
4.060000000000000000e+03
4.083000000000000000e+03
4.084000000000000000e+03
4.085000000000000000e+03
4.086000000000000000e+03
4.087000000000000000e+03
4.088000000000000000e+03
4.089000000000000000e+03
4.090000000000000000e+03
4.119000000000000000e+03
4.120000000000000000e+03
4.121000000000000000e+03
4.122000000000000000e+03
4.123000000000000000e+03
4.124000000000000000e+03
4.125000000000000000e+03
4.126000000000000000e+03
4.127000000000000000e+03
4.128000000000000000e+03
4.129000000000000000e+03
4.175000000000000000e+03
4.176000000000000000e+03
4.177000000000000000e+03
4.178000000000000000e+03
4.179000000000000000e+03
4.180000000000000000e+03
4.181000000000000000e+03
4.182000000000000000e+03
4.183000000000000000e+03
4.184000000000000000e+03
4.185000000000000000e+03
4.186000000000000000e+03
4.190000000000000000e+03
4.239000000000000000e+03
4.545000000000000000e+03
4.546000000000000000e+03
4.547000000000000000e+03
4.548000000000000000e+03
4.981000000000000000e+03
4.983000000000000000e+03
4.984000000000000000e+03
4.985000000000000000e+03
4.986000000000000000e+03
4.987000000000000000e+03
4.988000000000000000e+03
4.989000000000000000e+03
4.991000000000000000e+03
4.992000000000000000e+03
4.993000000000000000e+03
4.994000000000000000e+03
4.997000000000000000e+03
4.998000000000000000e+03
4.999000000000000000e+03
5.000000000000000000e+03
5.045000000000000000e+03
5.046000000000000000e+03
5.047000000000000000e+03
5.048000000000000000e+03
5.049000000000000000e+03
5.057000000000000000e+03
5.058000000000000000e+03
5.059000000000000000e+03
5.063000000000000000e+03
5.090000000000000000e+03
5.091000000000000000e+03
5.092000000000000000e+03
5.093000000000000000e+03
5.094000000000000000e+03
5.095000000000000000e+03
5.096000000000000000e+03
5.097000000000000000e+03
5.098000000000000000e+03
5.099000000000000000e+03
5.100000000000000000e+03
5.104000000000000000e+03
5.138000000000000000e+03
5.253000000000000000e+03
5.254000000000000000e+03
5.255000000000000000e+03
5.288000000000000000e+03
5.289000000000000000e+03
5.290000000000000000e+03
5.291000000000000000e+03
5.292000000000000000e+03
5.293000000000000000e+03
5.294000000000000000e+03
5.296000000000000000e+03
5.297000000000000000e+03
5.298000000000000000e+03
5.299000000000000000e+03
5.300000000000000000e+03
5.302000000000000000e+03
5.303000000000000000e+03
5.304000000000000000e+03
5.305000000000000000e+03
5.326000000000000000e+03
5.327000000000000000e+03
5.328000000000000000e+03
5.329000000000000000e+03
5.330000000000000000e+03
5.331000000000000000e+03
5.332000000000000000e+03
5.333000000000000000e+03
5.334000000000000000e+03
5.335000000000000000e+03
5.336000000000000000e+03
5.337000000000000000e+03
5.338000000000000000e+03
5.358000000000000000e+03
5.359000000000000000e+03
5.360000000000000000e+03
5.377000000000000000e+03
5.378000000000000000e+03
5.379000000000000000e+03
5.380000000000000000e+03
5.381000000000000000e+03
5.382000000000000000e+03
5.383000000000000000e+03
5.384000000000000000e+03
5.385000000000000000e+03
5.386000000000000000e+03
5.387000000000000000e+03
5.388000000000000000e+03
5.389000000000000000e+03
5.390000000000000000e+03
5.442000000000000000e+03
5.443000000000000000e+03
5.444000000000000000e+03
5.445000000000000000e+03
5.446000000000000000e+03
5.447000000000000000e+03
5.449000000000000000e+03
5.450000000000000000e+03
5.451000000000000000e+03
5.481000000000000000e+03
5.482000000000000000e+03
5.483000000000000000e+03
5.484000000000000000e+03
5.485000000000000000e+03
5.486000000000000000e+03
5.487000000000000000e+03
5.488000000000000000e+03
5.491000000000000000e+03
5.492000000000000000e+03
5.493000000000000000e+03
5.494000000000000000e+03
5.508000000000000000e+03
5.509000000000000000e+03
5.510000000000000000e+03
5.622000000000000000e+03
5.623000000000000000e+03
5.624000000000000000e+03
5.625000000000000000e+03
5.626000000000000000e+03
5.664000000000000000e+03
5.665000000000000000e+03
5.666000000000000000e+03
5.668000000000000000e+03
5.680000000000000000e+03
5.681000000000000000e+03
5.685000000000000000e+03
5.686000000000000000e+03
5.687000000000000000e+03
5.688000000000000000e+03
5.689000000000000000e+03
5.690000000000000000e+03
5.691000000000000000e+03
5.692000000000000000e+03
5.693000000000000000e+03
5.694000000000000000e+03
5.695000000000000000e+03
5.697000000000000000e+03
5.698000000000000000e+03
5.707000000000000000e+03
5.729000000000000000e+03
5.730000000000000000e+03
5.731000000000000000e+03
5.732000000000000000e+03
5.733000000000000000e+03
5.734000000000000000e+03
5.735000000000000000e+03
5.736000000000000000e+03
5.766000000000000000e+03
5.767000000000000000e+03
5.802000000000000000e+03
5.803000000000000000e+03
5.804000000000000000e+03
5.805000000000000000e+03
5.820000000000000000e+03
5.854000000000000000e+03
5.856000000000000000e+03
5.870000000000000000e+03
5.871000000000000000e+03
5.872000000000000000e+03
5.889000000000000000e+03
5.890000000000000000e+03
5.897000000000000000e+03
5.898000000000000000e+03
5.899000000000000000e+03
5.900000000000000000e+03
5.901000000000000000e+03
5.902000000000000000e+03
5.903000000000000000e+03
5.904000000000000000e+03
5.905000000000000000e+03
5.906000000000000000e+03
5.937000000000000000e+03
5.938000000000000000e+03
5.939000000000000000e+03
5.972000000000000000e+03
5.973000000000000000e+03
5.974000000000000000e+03
5.975000000000000000e+03
5.976000000000000000e+03
6.002000000000000000e+03
6.211000000000000000e+03
6.212000000000000000e+03
6.213000000000000000e+03
6.214000000000000000e+03
6.218000000000000000e+03
6.219000000000000000e+03
6.236000000000000000e+03
6.237000000000000000e+03
6.238000000000000000e+03
6.239000000000000000e+03
6.240000000000000000e+03
6.241000000000000000e+03
6.242000000000000000e+03
6.243000000000000000e+03
6.244000000000000000e+03
6.245000000000000000e+03
6.246000000000000000e+03
6.247000000000000000e+03
6.248000000000000000e+03
6.249000000000000000e+03
6.251000000000000000e+03
6.507000000000000000e+03
6.508000000000000000e+03
6.509000000000000000e+03
6.510000000000000000e+03
6.511000000000000000e+03
6.512000000000000000e+03
6.513000000000000000e+03
6.514000000000000000e+03
6.515000000000000000e+03
6.610000000000000000e+03
6.612000000000000000e+03
6.613000000000000000e+03
6.615000000000000000e+03
6.616000000000000000e+03
6.617000000000000000e+03
6.618000000000000000e+03
6.619000000000000000e+03
6.620000000000000000e+03
6.621000000000000000e+03
6.622000000000000000e+03
6.634000000000000000e+03
6.645000000000000000e+03
6.646000000000000000e+03
6.647000000000000000e+03
6.648000000000000000e+03
6.649000000000000000e+03
6.650000000000000000e+03
6.651000000000000000e+03
6.652000000000000000e+03
6.653000000000000000e+03
6.654000000000000000e+03
6.655000000000000000e+03
6.656000000000000000e+03
6.658000000000000000e+03
6.659000000000000000e+03
6.662000000000000000e+03
6.664000000000000000e+03
6.665000000000000000e+03
6.673000000000000000e+03
6.674000000000000000e+03
6.676000000000000000e+03
6.677000000000000000e+03
6.678000000000000000e+03
6.679000000000000000e+03
6.680000000000000000e+03
6.681000000000000000e+03
6.682000000000000000e+03
6.713000000000000000e+03
6.714000000000000000e+03
6.716000000000000000e+03
6.717000000000000000e+03
