4.900000000000000000e+01
5.000000000000000000e+01
5.100000000000000000e+01
5.200000000000000000e+01
5.300000000000000000e+01
9.100000000000000000e+01
9.200000000000000000e+01
9.400000000000000000e+01
9.500000000000000000e+01
9.600000000000000000e+01
9.700000000000000000e+01
1.200000000000000000e+02
1.210000000000000000e+02
1.220000000000000000e+02
1.230000000000000000e+02
1.240000000000000000e+02
1.250000000000000000e+02
1.260000000000000000e+02
1.270000000000000000e+02
2.640000000000000000e+02
2.650000000000000000e+02
2.660000000000000000e+02
2.680000000000000000e+02
2.690000000000000000e+02
2.700000000000000000e+02
2.980000000000000000e+02
2.990000000000000000e+02
3.000000000000000000e+02
4.190000000000000000e+02
4.200000000000000000e+02
4.210000000000000000e+02
4.220000000000000000e+02
4.230000000000000000e+02
5.990000000000000000e+02
6.290000000000000000e+02
6.310000000000000000e+02
6.320000000000000000e+02
6.330000000000000000e+02
6.340000000000000000e+02
6.350000000000000000e+02
6.360000000000000000e+02
6.370000000000000000e+02
6.380000000000000000e+02
8.070000000000000000e+02
8.080000000000000000e+02
8.090000000000000000e+02
8.100000000000000000e+02
8.110000000000000000e+02
8.120000000000000000e+02
9.910000000000000000e+02
9.920000000000000000e+02
9.930000000000000000e+02
9.940000000000000000e+02
9.950000000000000000e+02
9.960000000000000000e+02
9.970000000000000000e+02
9.980000000000000000e+02
9.990000000000000000e+02
1.000000000000000000e+03
1.003000000000000000e+03
1.145000000000000000e+03
1.146000000000000000e+03
1.147000000000000000e+03
1.148000000000000000e+03
1.201000000000000000e+03
1.202000000000000000e+03
1.203000000000000000e+03
1.204000000000000000e+03
1.206000000000000000e+03
1.209000000000000000e+03
1.210000000000000000e+03
1.211000000000000000e+03
1.212000000000000000e+03
1.261000000000000000e+03
1.262000000000000000e+03
1.263000000000000000e+03
1.264000000000000000e+03
1.297000000000000000e+03
1.298000000000000000e+03
1.299000000000000000e+03
1.300000000000000000e+03
1.301000000000000000e+03
1.302000000000000000e+03
1.303000000000000000e+03
1.304000000000000000e+03
1.305000000000000000e+03
1.306000000000000000e+03
1.381000000000000000e+03
1.382000000000000000e+03
1.383000000000000000e+03
1.384000000000000000e+03
1.385000000000000000e+03
1.386000000000000000e+03
1.387000000000000000e+03
1.388000000000000000e+03
1.389000000000000000e+03
1.390000000000000000e+03
1.391000000000000000e+03
1.392000000000000000e+03
1.424000000000000000e+03
1.492000000000000000e+03
1.493000000000000000e+03
1.495000000000000000e+03
1.496000000000000000e+03
1.545000000000000000e+03
1.546000000000000000e+03
1.547000000000000000e+03
1.548000000000000000e+03
1.549000000000000000e+03
1.550000000000000000e+03
1.551000000000000000e+03
1.552000000000000000e+03
1.553000000000000000e+03
1.554000000000000000e+03
1.555000000000000000e+03
1.556000000000000000e+03
1.557000000000000000e+03
1.659000000000000000e+03
1.660000000000000000e+03
1.661000000000000000e+03
1.662000000000000000e+03
1.666000000000000000e+03
1.667000000000000000e+03
1.669000000000000000e+03
1.673000000000000000e+03
1.704000000000000000e+03
1.705000000000000000e+03
1.706000000000000000e+03
1.711000000000000000e+03
1.712000000000000000e+03
1.783000000000000000e+03
1.784000000000000000e+03
1.785000000000000000e+03
1.786000000000000000e+03
1.787000000000000000e+03
1.812000000000000000e+03
1.813000000000000000e+03
1.814000000000000000e+03
1.908000000000000000e+03
1.909000000000000000e+03
1.910000000000000000e+03
1.911000000000000000e+03
1.912000000000000000e+03
1.913000000000000000e+03
1.914000000000000000e+03
1.915000000000000000e+03
1.997000000000000000e+03
1.998000000000000000e+03
1.999000000000000000e+03
2.000000000000000000e+03
2.001000000000000000e+03
2.002000000000000000e+03
2.003000000000000000e+03
2.004000000000000000e+03
2.005000000000000000e+03
2.006000000000000000e+03
2.007000000000000000e+03
2.008000000000000000e+03
2.009000000000000000e+03
2.010000000000000000e+03
2.011000000000000000e+03
2.062000000000000000e+03
2.063000000000000000e+03
2.064000000000000000e+03
2.065000000000000000e+03
2.122000000000000000e+03
2.123000000000000000e+03
2.124000000000000000e+03
2.125000000000000000e+03
2.126000000000000000e+03
2.127000000000000000e+03
2.128000000000000000e+03
2.130000000000000000e+03
2.131000000000000000e+03
2.133000000000000000e+03
2.137000000000000000e+03
2.141000000000000000e+03
2.224000000000000000e+03
2.225000000000000000e+03
2.226000000000000000e+03
2.227000000000000000e+03
2.228000000000000000e+03
2.229000000000000000e+03
2.230000000000000000e+03
2.231000000000000000e+03
2.232000000000000000e+03
2.233000000000000000e+03
2.234000000000000000e+03
2.235000000000000000e+03
2.327000000000000000e+03
2.328000000000000000e+03
2.414000000000000000e+03
2.427000000000000000e+03
2.428000000000000000e+03
2.429000000000000000e+03
2.593000000000000000e+03
2.594000000000000000e+03
2.597000000000000000e+03
2.748000000000000000e+03
2.749000000000000000e+03
2.750000000000000000e+03
2.751000000000000000e+03
2.752000000000000000e+03
2.753000000000000000e+03
2.754000000000000000e+03
2.755000000000000000e+03
2.756000000000000000e+03
2.757000000000000000e+03
2.758000000000000000e+03
2.761000000000000000e+03
2.762000000000000000e+03
2.763000000000000000e+03
2.764000000000000000e+03
2.765000000000000000e+03
2.766000000000000000e+03
2.769000000000000000e+03
3.042000000000000000e+03
3.043000000000000000e+03
3.047000000000000000e+03
3.049000000000000000e+03
3.050000000000000000e+03
3.052000000000000000e+03
3.053000000000000000e+03
3.221000000000000000e+03
3.266000000000000000e+03
3.267000000000000000e+03
3.268000000000000000e+03
3.304000000000000000e+03
3.305000000000000000e+03
3.306000000000000000e+03
3.664000000000000000e+03
3.665000000000000000e+03
3.666000000000000000e+03
3.667000000000000000e+03
3.668000000000000000e+03
3.669000000000000000e+03
3.682000000000000000e+03
3.879000000000000000e+03
3.880000000000000000e+03
3.881000000000000000e+03
4.069000000000000000e+03
4.070000000000000000e+03
4.094000000000000000e+03
4.095000000000000000e+03
4.096000000000000000e+03
4.097000000000000000e+03
4.098000000000000000e+03
4.099000000000000000e+03
4.100000000000000000e+03
4.101000000000000000e+03
4.102000000000000000e+03
4.103000000000000000e+03
4.104000000000000000e+03
4.106000000000000000e+03
4.154000000000000000e+03
4.155000000000000000e+03
4.156000000000000000e+03
4.157000000000000000e+03
4.158000000000000000e+03
4.159000000000000000e+03
4.160000000000000000e+03
4.165000000000000000e+03
4.166000000000000000e+03
4.200000000000000000e+03
4.201000000000000000e+03
4.202000000000000000e+03
4.203000000000000000e+03
4.204000000000000000e+03
4.205000000000000000e+03
4.206000000000000000e+03
4.210000000000000000e+03
4.211000000000000000e+03
4.213000000000000000e+03
4.214000000000000000e+03
4.215000000000000000e+03
4.216000000000000000e+03
4.244000000000000000e+03
4.245000000000000000e+03
4.246000000000000000e+03
4.554000000000000000e+03
4.555000000000000000e+03
5.011000000000000000e+03
5.012000000000000000e+03
5.013000000000000000e+03
5.014000000000000000e+03
5.015000000000000000e+03
5.113000000000000000e+03
5.114000000000000000e+03
5.145000000000000000e+03
5.146000000000000000e+03
5.147000000000000000e+03
5.148000000000000000e+03
5.150000000000000000e+03
5.151000000000000000e+03
5.152000000000000000e+03
5.157000000000000000e+03
5.158000000000000000e+03
5.159000000000000000e+03
5.160000000000000000e+03
5.162000000000000000e+03
5.163000000000000000e+03
5.164000000000000000e+03
5.165000000000000000e+03
5.166000000000000000e+03
5.167000000000000000e+03
5.283000000000000000e+03
5.316000000000000000e+03
5.317000000000000000e+03
5.318000000000000000e+03
5.319000000000000000e+03
5.325000000000000000e+03
5.403000000000000000e+03
5.404000000000000000e+03
5.405000000000000000e+03
5.406000000000000000e+03
5.407000000000000000e+03
5.408000000000000000e+03
5.409000000000000000e+03
5.417000000000000000e+03
5.421000000000000000e+03
5.422000000000000000e+03
5.423000000000000000e+03
5.424000000000000000e+03
5.425000000000000000e+03
5.426000000000000000e+03
5.427000000000000000e+03
5.428000000000000000e+03
5.429000000000000000e+03
5.430000000000000000e+03
5.431000000000000000e+03
5.432000000000000000e+03
5.433000000000000000e+03
5.525000000000000000e+03
5.526000000000000000e+03
5.529000000000000000e+03
5.530000000000000000e+03
5.531000000000000000e+03
5.532000000000000000e+03
5.533000000000000000e+03
5.534000000000000000e+03
5.544000000000000000e+03
5.545000000000000000e+03
5.546000000000000000e+03
5.549000000000000000e+03
5.551000000000000000e+03
5.552000000000000000e+03
5.553000000000000000e+03
5.554000000000000000e+03
5.555000000000000000e+03
5.636000000000000000e+03
5.637000000000000000e+03
5.638000000000000000e+03
5.639000000000000000e+03
5.640000000000000000e+03
5.641000000000000000e+03
5.646000000000000000e+03
5.647000000000000000e+03
5.722000000000000000e+03
5.754000000000000000e+03
5.755000000000000000e+03
5.756000000000000000e+03
5.757000000000000000e+03
5.779000000000000000e+03
5.780000000000000000e+03
5.838000000000000000e+03
5.840000000000000000e+03
5.920000000000000000e+03
5.921000000000000000e+03
5.922000000000000000e+03
5.923000000000000000e+03
5.924000000000000000e+03
5.948000000000000000e+03
5.949000000000000000e+03
5.950000000000000000e+03
5.951000000000000000e+03
5.952000000000000000e+03
5.953000000000000000e+03
5.954000000000000000e+03
5.955000000000000000e+03
5.956000000000000000e+03
5.957000000000000000e+03
5.958000000000000000e+03
5.959000000000000000e+03
6.011000000000000000e+03
6.012000000000000000e+03
6.013000000000000000e+03
6.014000000000000000e+03
6.015000000000000000e+03
6.016000000000000000e+03
6.017000000000000000e+03
6.018000000000000000e+03
6.019000000000000000e+03
6.020000000000000000e+03
6.026000000000000000e+03
6.027000000000000000e+03
6.028000000000000000e+03
6.029000000000000000e+03
6.030000000000000000e+03
6.031000000000000000e+03
6.032000000000000000e+03
6.033000000000000000e+03
6.034000000000000000e+03
6.036000000000000000e+03
6.037000000000000000e+03
6.038000000000000000e+03
6.039000000000000000e+03
6.230000000000000000e+03
6.231000000000000000e+03
6.274000000000000000e+03
6.275000000000000000e+03
6.276000000000000000e+03
6.277000000000000000e+03
6.278000000000000000e+03
6.279000000000000000e+03
6.280000000000000000e+03
6.281000000000000000e+03
6.282000000000000000e+03
6.283000000000000000e+03
6.295000000000000000e+03
6.308000000000000000e+03
6.426000000000000000e+03
6.523000000000000000e+03
6.524000000000000000e+03
6.525000000000000000e+03
6.526000000000000000e+03
6.527000000000000000e+03
6.528000000000000000e+03
6.529000000000000000e+03
6.530000000000000000e+03
6.703000000000000000e+03
6.704000000000000000e+03
6.705000000000000000e+03
6.706000000000000000e+03
6.723000000000000000e+03
6.724000000000000000e+03
6.725000000000000000e+03
6.726000000000000000e+03
6.727000000000000000e+03
6.728000000000000000e+03
6.729000000000000000e+03
6.730000000000000000e+03
6.731000000000000000e+03
6.732000000000000000e+03
6.733000000000000000e+03
6.734000000000000000e+03
6.737000000000000000e+03
6.738000000000000000e+03
6.739000000000000000e+03
6.740000000000000000e+03
