2.670000000000000000e+02
2.710000000000000000e+02
2.720000000000000000e+02
2.760000000000000000e+02
2.790000000000000000e+02
2.810000000000000000e+02
2.820000000000000000e+02
5.830000000000000000e+02
5.840000000000000000e+02
5.850000000000000000e+02
5.860000000000000000e+02
6.300000000000000000e+02
7.730000000000000000e+02
7.740000000000000000e+02
7.750000000000000000e+02
7.770000000000000000e+02
7.780000000000000000e+02
7.790000000000000000e+02
7.800000000000000000e+02
7.820000000000000000e+02
7.830000000000000000e+02
9.460000000000000000e+02
9.470000000000000000e+02
1.012000000000000000e+03
1.149000000000000000e+03
1.150000000000000000e+03
1.151000000000000000e+03
1.152000000000000000e+03
1.153000000000000000e+03
1.278000000000000000e+03
1.494000000000000000e+03
1.500000000000000000e+03
1.503000000000000000e+03
1.505000000000000000e+03
1.507000000000000000e+03
1.670000000000000000e+03
1.671000000000000000e+03
1.672000000000000000e+03
1.707000000000000000e+03
1.708000000000000000e+03
1.709000000000000000e+03
1.710000000000000000e+03
1.788000000000000000e+03
1.996000000000000000e+03
2.129000000000000000e+03
2.196000000000000000e+03
2.197000000000000000e+03
2.198000000000000000e+03
2.199000000000000000e+03
2.200000000000000000e+03
2.324000000000000000e+03
2.409000000000000000e+03
2.410000000000000000e+03
2.411000000000000000e+03
2.412000000000000000e+03
2.413000000000000000e+03
2.415000000000000000e+03
2.416000000000000000e+03
2.417000000000000000e+03
2.576000000000000000e+03
2.590000000000000000e+03
2.591000000000000000e+03
2.592000000000000000e+03
2.595000000000000000e+03
2.596000000000000000e+03
2.759000000000000000e+03
2.760000000000000000e+03
2.767000000000000000e+03
3.034000000000000000e+03
3.035000000000000000e+03
3.036000000000000000e+03
3.037000000000000000e+03
3.038000000000000000e+03
3.039000000000000000e+03
3.041000000000000000e+03
3.057000000000000000e+03
3.058000000000000000e+03
3.059000000000000000e+03
3.060000000000000000e+03
3.061000000000000000e+03
3.062000000000000000e+03
3.063000000000000000e+03
3.064000000000000000e+03
3.065000000000000000e+03
3.066000000000000000e+03
3.232000000000000000e+03
3.233000000000000000e+03
3.234000000000000000e+03
3.235000000000000000e+03
3.236000000000000000e+03
3.237000000000000000e+03
3.302000000000000000e+03
3.303000000000000000e+03
3.654000000000000000e+03
3.655000000000000000e+03
3.656000000000000000e+03
3.659000000000000000e+03
3.660000000000000000e+03
3.661000000000000000e+03
3.662000000000000000e+03
3.663000000000000000e+03
3.679000000000000000e+03
3.680000000000000000e+03
4.071000000000000000e+03
4.072000000000000000e+03
4.073000000000000000e+03
4.074000000000000000e+03
4.161000000000000000e+03
4.164000000000000000e+03
4.167000000000000000e+03
5.115000000000000000e+03
5.116000000000000000e+03
5.117000000000000000e+03
5.118000000000000000e+03
5.119000000000000000e+03
5.153000000000000000e+03
5.155000000000000000e+03
5.161000000000000000e+03
5.272000000000000000e+03
5.273000000000000000e+03
5.274000000000000000e+03
5.275000000000000000e+03
5.276000000000000000e+03
5.527000000000000000e+03
5.528000000000000000e+03
5.547000000000000000e+03
5.548000000000000000e+03
5.550000000000000000e+03
5.642000000000000000e+03
5.643000000000000000e+03
5.644000000000000000e+03
5.645000000000000000e+03
5.719000000000000000e+03
5.720000000000000000e+03
5.721000000000000000e+03
5.723000000000000000e+03
5.724000000000000000e+03
5.751000000000000000e+03
5.752000000000000000e+03
5.753000000000000000e+03
5.834000000000000000e+03
5.835000000000000000e+03
5.836000000000000000e+03
5.837000000000000000e+03
5.839000000000000000e+03
5.841000000000000000e+03
5.859000000000000000e+03
5.860000000000000000e+03
5.861000000000000000e+03
5.862000000000000000e+03
5.863000000000000000e+03
5.868000000000000000e+03
5.925000000000000000e+03
5.926000000000000000e+03
6.021000000000000000e+03
6.022000000000000000e+03
6.023000000000000000e+03
6.035000000000000000e+03
6.232000000000000000e+03
6.233000000000000000e+03
6.284000000000000000e+03
6.304000000000000000e+03
6.305000000000000000e+03
6.306000000000000000e+03
6.307000000000000000e+03
6.420000000000000000e+03
6.421000000000000000e+03
6.422000000000000000e+03
6.425000000000000000e+03
6.707000000000000000e+03
6.708000000000000000e+03
