1.380000000000000000e+02
1.390000000000000000e+02
1.400000000000000000e+02
1.410000000000000000e+02
1.530000000000000000e+02
1.650000000000000000e+02
1.660000000000000000e+02
1.670000000000000000e+02
1.680000000000000000e+02
1.730000000000000000e+02
1.800000000000000000e+02
2.110000000000000000e+02
2.130000000000000000e+02
2.140000000000000000e+02
2.150000000000000000e+02
3.050000000000000000e+02
3.060000000000000000e+02
3.170000000000000000e+02
3.250000000000000000e+02
3.260000000000000000e+02
3.270000000000000000e+02
3.280000000000000000e+02
3.390000000000000000e+02
4.300000000000000000e+02
4.360000000000000000e+02
4.370000000000000000e+02
4.390000000000000000e+02
4.400000000000000000e+02
4.410000000000000000e+02
4.480000000000000000e+02
4.490000000000000000e+02
5.080000000000000000e+02
5.100000000000000000e+02
5.120000000000000000e+02
5.130000000000000000e+02
5.140000000000000000e+02
5.150000000000000000e+02
5.180000000000000000e+02
5.190000000000000000e+02
6.410000000000000000e+02
6.420000000000000000e+02
6.430000000000000000e+02
6.440000000000000000e+02
6.450000000000000000e+02
6.530000000000000000e+02
6.540000000000000000e+02
6.550000000000000000e+02
6.560000000000000000e+02
6.660000000000000000e+02
6.670000000000000000e+02
6.680000000000000000e+02
6.700000000000000000e+02
6.710000000000000000e+02
6.720000000000000000e+02
7.070000000000000000e+02
7.080000000000000000e+02
8.150000000000000000e+02
8.180000000000000000e+02
8.270000000000000000e+02
8.280000000000000000e+02
8.290000000000000000e+02
8.310000000000000000e+02
8.320000000000000000e+02
8.330000000000000000e+02
8.390000000000000000e+02
8.400000000000000000e+02
8.410000000000000000e+02
8.450000000000000000e+02
8.680000000000000000e+02
8.690000000000000000e+02
8.700000000000000000e+02
8.710000000000000000e+02
8.730000000000000000e+02
8.740000000000000000e+02
1.213000000000000000e+03
1.214000000000000000e+03
1.215000000000000000e+03
1.216000000000000000e+03
1.443000000000000000e+03
1.444000000000000000e+03
1.445000000000000000e+03
1.446000000000000000e+03
1.447000000000000000e+03
1.448000000000000000e+03
1.449000000000000000e+03
1.450000000000000000e+03
1.451000000000000000e+03
1.563000000000000000e+03
1.565000000000000000e+03
1.566000000000000000e+03
1.574000000000000000e+03
1.606000000000000000e+03
1.607000000000000000e+03
1.918000000000000000e+03
1.919000000000000000e+03
1.921000000000000000e+03
2.238000000000000000e+03
2.257000000000000000e+03
2.259000000000000000e+03
2.260000000000000000e+03
2.403000000000000000e+03
2.448000000000000000e+03
2.449000000000000000e+03
2.451000000000000000e+03
2.452000000000000000e+03
2.453000000000000000e+03
2.482000000000000000e+03
2.484000000000000000e+03
2.485000000000000000e+03
2.486000000000000000e+03
2.488000000000000000e+03
2.489000000000000000e+03
2.500000000000000000e+03
2.501000000000000000e+03
2.503000000000000000e+03
2.507000000000000000e+03
2.518000000000000000e+03
2.520000000000000000e+03
2.521000000000000000e+03
2.524000000000000000e+03
2.525000000000000000e+03
2.526000000000000000e+03
2.527000000000000000e+03
2.530000000000000000e+03
2.583000000000000000e+03
2.601000000000000000e+03
2.602000000000000000e+03
2.637000000000000000e+03
2.638000000000000000e+03
2.648000000000000000e+03
2.665000000000000000e+03
2.670000000000000000e+03
2.671000000000000000e+03
2.672000000000000000e+03
2.674000000000000000e+03
2.675000000000000000e+03
2.676000000000000000e+03
2.677000000000000000e+03
2.678000000000000000e+03
2.679000000000000000e+03
2.680000000000000000e+03
2.681000000000000000e+03
2.689000000000000000e+03
2.690000000000000000e+03
2.691000000000000000e+03
2.692000000000000000e+03
2.775000000000000000e+03
2.776000000000000000e+03
2.777000000000000000e+03
2.778000000000000000e+03
2.779000000000000000e+03
2.780000000000000000e+03
2.782000000000000000e+03
2.784000000000000000e+03
2.828000000000000000e+03
2.852000000000000000e+03
2.853000000000000000e+03
2.855000000000000000e+03
2.856000000000000000e+03
2.858000000000000000e+03
2.859000000000000000e+03
2.866000000000000000e+03
2.894000000000000000e+03
2.895000000000000000e+03
2.896000000000000000e+03
2.897000000000000000e+03
2.898000000000000000e+03
2.899000000000000000e+03
2.900000000000000000e+03
2.909000000000000000e+03
2.910000000000000000e+03
2.911000000000000000e+03
2.914000000000000000e+03
2.926000000000000000e+03
2.927000000000000000e+03
2.932000000000000000e+03
3.100000000000000000e+03
3.101000000000000000e+03
3.102000000000000000e+03
3.113000000000000000e+03
3.137000000000000000e+03
3.138000000000000000e+03
3.139000000000000000e+03
3.144000000000000000e+03
3.156000000000000000e+03
3.164000000000000000e+03
3.271000000000000000e+03
3.272000000000000000e+03
3.273000000000000000e+03
3.274000000000000000e+03
3.352000000000000000e+03
3.354000000000000000e+03
3.355000000000000000e+03
3.357000000000000000e+03
3.358000000000000000e+03
3.359000000000000000e+03
3.360000000000000000e+03
3.361000000000000000e+03
3.362000000000000000e+03
3.363000000000000000e+03
3.364000000000000000e+03
3.394000000000000000e+03
3.395000000000000000e+03
3.396000000000000000e+03
3.397000000000000000e+03
3.398000000000000000e+03
3.399000000000000000e+03
3.400000000000000000e+03
3.432000000000000000e+03
3.433000000000000000e+03
3.434000000000000000e+03
3.435000000000000000e+03
3.442000000000000000e+03
3.443000000000000000e+03
3.444000000000000000e+03
3.465000000000000000e+03
3.466000000000000000e+03
3.467000000000000000e+03
3.468000000000000000e+03
3.469000000000000000e+03
3.472000000000000000e+03
3.473000000000000000e+03
3.506000000000000000e+03
3.539000000000000000e+03
3.540000000000000000e+03
3.541000000000000000e+03
3.597000000000000000e+03
3.598000000000000000e+03
3.599000000000000000e+03
3.686000000000000000e+03
3.687000000000000000e+03
3.688000000000000000e+03
3.689000000000000000e+03
3.690000000000000000e+03
3.691000000000000000e+03
3.723000000000000000e+03
3.724000000000000000e+03
3.737000000000000000e+03
3.740000000000000000e+03
3.780000000000000000e+03
3.781000000000000000e+03
3.785000000000000000e+03
3.787000000000000000e+03
3.791000000000000000e+03
3.792000000000000000e+03
3.793000000000000000e+03
3.794000000000000000e+03
3.899000000000000000e+03
3.900000000000000000e+03
3.901000000000000000e+03
3.902000000000000000e+03
3.903000000000000000e+03
3.904000000000000000e+03
3.905000000000000000e+03
3.906000000000000000e+03
3.908000000000000000e+03
3.909000000000000000e+03
3.910000000000000000e+03
3.911000000000000000e+03
3.912000000000000000e+03
3.913000000000000000e+03
3.916000000000000000e+03
3.917000000000000000e+03
3.929000000000000000e+03
3.930000000000000000e+03
3.931000000000000000e+03
3.937000000000000000e+03
3.938000000000000000e+03
3.939000000000000000e+03
3.941000000000000000e+03
3.943000000000000000e+03
3.981000000000000000e+03
3.982000000000000000e+03
3.983000000000000000e+03
3.984000000000000000e+03
3.985000000000000000e+03
3.986000000000000000e+03
3.987000000000000000e+03
3.988000000000000000e+03
4.019000000000000000e+03
4.110000000000000000e+03
4.219000000000000000e+03
4.220000000000000000e+03
4.221000000000000000e+03
4.222000000000000000e+03
4.224000000000000000e+03
4.225000000000000000e+03
4.264000000000000000e+03
4.267000000000000000e+03
4.375000000000000000e+03
4.422000000000000000e+03
4.423000000000000000e+03
4.424000000000000000e+03
4.425000000000000000e+03
4.434000000000000000e+03
4.435000000000000000e+03
4.442000000000000000e+03
4.443000000000000000e+03
4.445000000000000000e+03
4.446000000000000000e+03
4.447000000000000000e+03
4.448000000000000000e+03
4.449000000000000000e+03
4.467000000000000000e+03
4.468000000000000000e+03
4.565000000000000000e+03
4.575000000000000000e+03
4.584000000000000000e+03
4.585000000000000000e+03
4.586000000000000000e+03
4.589000000000000000e+03
4.590000000000000000e+03
4.591000000000000000e+03
4.592000000000000000e+03
4.594000000000000000e+03
4.595000000000000000e+03
4.597000000000000000e+03
4.598000000000000000e+03
4.613000000000000000e+03
4.664000000000000000e+03
4.665000000000000000e+03
4.666000000000000000e+03
4.667000000000000000e+03
4.668000000000000000e+03
4.669000000000000000e+03
4.673000000000000000e+03
4.694000000000000000e+03
4.695000000000000000e+03
4.696000000000000000e+03
4.697000000000000000e+03
4.699000000000000000e+03
4.700000000000000000e+03
4.701000000000000000e+03
4.702000000000000000e+03
4.703000000000000000e+03
4.709000000000000000e+03
4.710000000000000000e+03
4.711000000000000000e+03
4.712000000000000000e+03
4.713000000000000000e+03
4.714000000000000000e+03
4.725000000000000000e+03
4.726000000000000000e+03
4.743000000000000000e+03
4.745000000000000000e+03
4.746000000000000000e+03
4.790000000000000000e+03
4.791000000000000000e+03
4.794000000000000000e+03
4.795000000000000000e+03
4.796000000000000000e+03
4.797000000000000000e+03
4.798000000000000000e+03
4.799000000000000000e+03
4.800000000000000000e+03
4.801000000000000000e+03
4.804000000000000000e+03
4.807000000000000000e+03
4.827000000000000000e+03
4.830000000000000000e+03
4.831000000000000000e+03
4.835000000000000000e+03
4.836000000000000000e+03
4.838000000000000000e+03
4.839000000000000000e+03
4.840000000000000000e+03
4.841000000000000000e+03
4.842000000000000000e+03
4.908000000000000000e+03
4.911000000000000000e+03
4.912000000000000000e+03
4.913000000000000000e+03
4.914000000000000000e+03
4.915000000000000000e+03
4.916000000000000000e+03
4.917000000000000000e+03
4.918000000000000000e+03
4.919000000000000000e+03
4.920000000000000000e+03
5.025000000000000000e+03
5.028000000000000000e+03
5.030000000000000000e+03
5.185000000000000000e+03
5.186000000000000000e+03
5.195000000000000000e+03
5.196000000000000000e+03
5.197000000000000000e+03
5.198000000000000000e+03
5.199000000000000000e+03
5.200000000000000000e+03
5.202000000000000000e+03
5.203000000000000000e+03
5.204000000000000000e+03
5.557000000000000000e+03
5.561000000000000000e+03
5.562000000000000000e+03
5.564000000000000000e+03
5.565000000000000000e+03
5.566000000000000000e+03
5.567000000000000000e+03
5.568000000000000000e+03
5.569000000000000000e+03
5.570000000000000000e+03
5.571000000000000000e+03
5.655000000000000000e+03
5.656000000000000000e+03
5.658000000000000000e+03
5.845000000000000000e+03
5.846000000000000000e+03
5.847000000000000000e+03
5.849000000000000000e+03
6.049000000000000000e+03
6.050000000000000000e+03
6.051000000000000000e+03
6.052000000000000000e+03
6.053000000000000000e+03
6.054000000000000000e+03
6.055000000000000000e+03
6.056000000000000000e+03
6.057000000000000000e+03
6.058000000000000000e+03
6.059000000000000000e+03
6.060000000000000000e+03
6.061000000000000000e+03
6.062000000000000000e+03
6.063000000000000000e+03
6.064000000000000000e+03
6.065000000000000000e+03
6.067000000000000000e+03
6.071000000000000000e+03
6.143000000000000000e+03
6.144000000000000000e+03
6.145000000000000000e+03
6.146000000000000000e+03
6.147000000000000000e+03
6.148000000000000000e+03
6.149000000000000000e+03
6.150000000000000000e+03
6.155000000000000000e+03
6.156000000000000000e+03
6.157000000000000000e+03
6.159000000000000000e+03
6.161000000000000000e+03
6.162000000000000000e+03
6.163000000000000000e+03
6.164000000000000000e+03
6.165000000000000000e+03
6.342000000000000000e+03
6.343000000000000000e+03
6.344000000000000000e+03
6.345000000000000000e+03
6.428000000000000000e+03
6.429000000000000000e+03
6.430000000000000000e+03
6.431000000000000000e+03
6.432000000000000000e+03
6.433000000000000000e+03
6.536000000000000000e+03
6.539000000000000000e+03
6.540000000000000000e+03
6.541000000000000000e+03
6.542000000000000000e+03
6.543000000000000000e+03
6.544000000000000000e+03
6.553000000000000000e+03
6.556000000000000000e+03
6.557000000000000000e+03
6.588000000000000000e+03
6.590000000000000000e+03
6.591000000000000000e+03
6.592000000000000000e+03
