2.000000000000000000e+00
3.000000000000000000e+00
4.000000000000000000e+00
5.000000000000000000e+00
6.000000000000000000e+00
7.000000000000000000e+00
8.000000000000000000e+00
9.000000000000000000e+00
1.360000000000000000e+02
1.370000000000000000e+02
1.690000000000000000e+02
1.700000000000000000e+02
1.710000000000000000e+02
1.720000000000000000e+02
1.740000000000000000e+02
1.750000000000000000e+02
1.760000000000000000e+02
1.770000000000000000e+02
1.780000000000000000e+02
1.790000000000000000e+02
1.810000000000000000e+02
1.820000000000000000e+02
2.050000000000000000e+02
2.060000000000000000e+02
2.070000000000000000e+02
2.080000000000000000e+02
2.090000000000000000e+02
2.100000000000000000e+02
2.160000000000000000e+02
2.170000000000000000e+02
2.180000000000000000e+02
2.190000000000000000e+02
3.290000000000000000e+02
3.300000000000000000e+02
3.310000000000000000e+02
3.320000000000000000e+02
3.330000000000000000e+02
3.340000000000000000e+02
3.350000000000000000e+02
3.360000000000000000e+02
3.370000000000000000e+02
3.380000000000000000e+02
3.890000000000000000e+02
3.900000000000000000e+02
3.910000000000000000e+02
3.920000000000000000e+02
3.930000000000000000e+02
4.320000000000000000e+02
4.330000000000000000e+02
4.340000000000000000e+02
4.350000000000000000e+02
4.380000000000000000e+02
4.500000000000000000e+02
4.510000000000000000e+02
4.540000000000000000e+02
4.550000000000000000e+02
4.560000000000000000e+02
4.570000000000000000e+02
5.060000000000000000e+02
5.070000000000000000e+02
5.200000000000000000e+02
5.210000000000000000e+02
5.220000000000000000e+02
5.230000000000000000e+02
5.240000000000000000e+02
5.250000000000000000e+02
5.260000000000000000e+02
5.270000000000000000e+02
5.280000000000000000e+02
6.570000000000000000e+02
6.580000000000000000e+02
6.600000000000000000e+02
6.610000000000000000e+02
6.620000000000000000e+02
6.690000000000000000e+02
7.100000000000000000e+02
7.110000000000000000e+02
7.120000000000000000e+02
7.130000000000000000e+02
7.140000000000000000e+02
7.150000000000000000e+02
7.160000000000000000e+02
7.170000000000000000e+02
7.180000000000000000e+02
8.160000000000000000e+02
8.170000000000000000e+02
8.220000000000000000e+02
8.230000000000000000e+02
8.240000000000000000e+02
8.300000000000000000e+02
8.720000000000000000e+02
8.750000000000000000e+02
8.760000000000000000e+02
8.770000000000000000e+02
8.780000000000000000e+02
8.790000000000000000e+02
8.800000000000000000e+02
8.810000000000000000e+02
1.217000000000000000e+03
1.440000000000000000e+03
1.441000000000000000e+03
1.442000000000000000e+03
1.452000000000000000e+03
1.453000000000000000e+03
1.564000000000000000e+03
1.567000000000000000e+03
1.568000000000000000e+03
1.569000000000000000e+03
1.570000000000000000e+03
1.571000000000000000e+03
1.572000000000000000e+03
1.573000000000000000e+03
1.575000000000000000e+03
1.576000000000000000e+03
1.577000000000000000e+03
1.578000000000000000e+03
1.603000000000000000e+03
1.604000000000000000e+03
1.605000000000000000e+03
1.608000000000000000e+03
1.609000000000000000e+03
1.829000000000000000e+03
1.830000000000000000e+03
1.831000000000000000e+03
1.832000000000000000e+03
1.833000000000000000e+03
1.834000000000000000e+03
1.835000000000000000e+03
1.836000000000000000e+03
1.837000000000000000e+03
1.838000000000000000e+03
1.839000000000000000e+03
1.840000000000000000e+03
1.891000000000000000e+03
1.892000000000000000e+03
1.893000000000000000e+03
1.894000000000000000e+03
1.897000000000000000e+03
1.898000000000000000e+03
1.922000000000000000e+03
1.923000000000000000e+03
1.924000000000000000e+03
1.925000000000000000e+03
1.926000000000000000e+03
1.927000000000000000e+03
1.928000000000000000e+03
1.929000000000000000e+03
2.250000000000000000e+03
2.251000000000000000e+03
2.252000000000000000e+03
2.253000000000000000e+03
2.254000000000000000e+03
2.255000000000000000e+03
2.256000000000000000e+03
2.258000000000000000e+03
2.277000000000000000e+03
2.279000000000000000e+03
2.312000000000000000e+03
2.313000000000000000e+03
2.314000000000000000e+03
2.317000000000000000e+03
2.318000000000000000e+03
2.319000000000000000e+03
2.320000000000000000e+03
2.321000000000000000e+03
2.322000000000000000e+03
2.323000000000000000e+03
2.342000000000000000e+03
2.344000000000000000e+03
2.345000000000000000e+03
2.346000000000000000e+03
2.347000000000000000e+03
2.348000000000000000e+03
2.349000000000000000e+03
2.350000000000000000e+03
2.351000000000000000e+03
2.402000000000000000e+03
2.404000000000000000e+03
2.407000000000000000e+03
2.438000000000000000e+03
2.439000000000000000e+03
2.441000000000000000e+03
2.442000000000000000e+03
2.445000000000000000e+03
2.446000000000000000e+03
2.447000000000000000e+03
2.450000000000000000e+03
2.478000000000000000e+03
2.480000000000000000e+03
2.481000000000000000e+03
2.490000000000000000e+03
2.514000000000000000e+03
2.517000000000000000e+03
2.519000000000000000e+03
2.522000000000000000e+03
2.523000000000000000e+03
2.528000000000000000e+03
2.529000000000000000e+03
2.584000000000000000e+03
2.585000000000000000e+03
2.586000000000000000e+03
2.603000000000000000e+03
2.604000000000000000e+03
2.605000000000000000e+03
2.606000000000000000e+03
2.639000000000000000e+03
2.640000000000000000e+03
2.641000000000000000e+03
2.642000000000000000e+03
2.643000000000000000e+03
2.644000000000000000e+03
2.645000000000000000e+03
2.646000000000000000e+03
2.664000000000000000e+03
2.667000000000000000e+03
2.673000000000000000e+03
2.693000000000000000e+03
2.694000000000000000e+03
2.695000000000000000e+03
2.696000000000000000e+03
2.697000000000000000e+03
2.698000000000000000e+03
2.781000000000000000e+03
2.783000000000000000e+03
2.818000000000000000e+03
2.819000000000000000e+03
2.820000000000000000e+03
2.821000000000000000e+03
2.829000000000000000e+03
2.830000000000000000e+03
2.831000000000000000e+03
2.832000000000000000e+03
2.833000000000000000e+03
2.834000000000000000e+03
2.844000000000000000e+03
2.845000000000000000e+03
2.846000000000000000e+03
2.847000000000000000e+03
2.848000000000000000e+03
2.849000000000000000e+03
2.850000000000000000e+03
2.860000000000000000e+03
2.861000000000000000e+03
2.862000000000000000e+03
2.863000000000000000e+03
2.864000000000000000e+03
2.865000000000000000e+03
2.912000000000000000e+03
2.913000000000000000e+03
2.915000000000000000e+03
2.916000000000000000e+03
2.917000000000000000e+03
2.921000000000000000e+03
2.923000000000000000e+03
2.924000000000000000e+03
2.933000000000000000e+03
2.934000000000000000e+03
2.935000000000000000e+03
2.936000000000000000e+03
2.937000000000000000e+03
2.938000000000000000e+03
2.939000000000000000e+03
2.940000000000000000e+03
2.990000000000000000e+03
2.993000000000000000e+03
2.994000000000000000e+03
2.996000000000000000e+03
2.997000000000000000e+03
2.998000000000000000e+03
2.999000000000000000e+03
3.000000000000000000e+03
3.099000000000000000e+03
3.103000000000000000e+03
3.104000000000000000e+03
3.105000000000000000e+03
3.106000000000000000e+03
3.107000000000000000e+03
3.108000000000000000e+03
3.109000000000000000e+03
3.112000000000000000e+03
3.129000000000000000e+03
3.130000000000000000e+03
3.131000000000000000e+03
3.132000000000000000e+03
3.133000000000000000e+03
3.134000000000000000e+03
3.141000000000000000e+03
3.142000000000000000e+03
3.143000000000000000e+03
3.145000000000000000e+03
3.166000000000000000e+03
3.167000000000000000e+03
3.168000000000000000e+03
3.169000000000000000e+03
3.170000000000000000e+03
3.171000000000000000e+03
3.172000000000000000e+03
3.173000000000000000e+03
3.174000000000000000e+03
3.275000000000000000e+03
3.276000000000000000e+03
3.277000000000000000e+03
3.278000000000000000e+03
3.279000000000000000e+03
3.313000000000000000e+03
3.314000000000000000e+03
3.349000000000000000e+03
3.353000000000000000e+03
3.356000000000000000e+03
3.380000000000000000e+03
3.381000000000000000e+03
3.382000000000000000e+03
3.383000000000000000e+03
3.384000000000000000e+03
3.385000000000000000e+03
3.386000000000000000e+03
3.387000000000000000e+03
3.388000000000000000e+03
3.389000000000000000e+03
3.390000000000000000e+03
3.391000000000000000e+03
3.392000000000000000e+03
3.393000000000000000e+03
3.436000000000000000e+03
3.437000000000000000e+03
3.438000000000000000e+03
3.439000000000000000e+03
3.440000000000000000e+03
3.441000000000000000e+03
3.463000000000000000e+03
3.464000000000000000e+03
3.470000000000000000e+03
3.471000000000000000e+03
3.474000000000000000e+03
3.475000000000000000e+03
3.476000000000000000e+03
3.477000000000000000e+03
3.505000000000000000e+03
3.531000000000000000e+03
3.542000000000000000e+03
3.543000000000000000e+03
3.544000000000000000e+03
3.545000000000000000e+03
3.546000000000000000e+03
3.547000000000000000e+03
3.548000000000000000e+03
3.549000000000000000e+03
3.550000000000000000e+03
3.551000000000000000e+03
3.552000000000000000e+03
3.590000000000000000e+03
3.591000000000000000e+03
3.592000000000000000e+03
3.593000000000000000e+03
3.594000000000000000e+03
3.595000000000000000e+03
3.596000000000000000e+03
3.600000000000000000e+03
3.601000000000000000e+03
3.602000000000000000e+03
3.603000000000000000e+03
3.604000000000000000e+03
3.692000000000000000e+03
3.693000000000000000e+03
3.694000000000000000e+03
3.695000000000000000e+03
3.739000000000000000e+03
3.741000000000000000e+03
3.742000000000000000e+03
3.744000000000000000e+03
3.745000000000000000e+03
3.746000000000000000e+03
3.747000000000000000e+03
3.748000000000000000e+03
3.749000000000000000e+03
3.750000000000000000e+03
3.751000000000000000e+03
3.752000000000000000e+03
3.784000000000000000e+03
3.786000000000000000e+03
3.788000000000000000e+03
3.789000000000000000e+03
3.790000000000000000e+03
3.795000000000000000e+03
3.796000000000000000e+03
3.797000000000000000e+03
3.798000000000000000e+03
3.851000000000000000e+03
3.853000000000000000e+03
3.855000000000000000e+03
3.907000000000000000e+03
3.932000000000000000e+03
3.933000000000000000e+03
3.934000000000000000e+03
3.935000000000000000e+03
3.936000000000000000e+03
3.940000000000000000e+03
3.942000000000000000e+03
3.944000000000000000e+03
3.945000000000000000e+03
3.989000000000000000e+03
3.990000000000000000e+03
3.991000000000000000e+03
3.992000000000000000e+03
3.993000000000000000e+03
3.994000000000000000e+03
3.995000000000000000e+03
3.996000000000000000e+03
3.997000000000000000e+03
3.998000000000000000e+03
4.003000000000000000e+03
4.020000000000000000e+03
4.021000000000000000e+03
4.022000000000000000e+03
4.023000000000000000e+03
4.024000000000000000e+03
4.025000000000000000e+03
4.026000000000000000e+03
4.111000000000000000e+03
4.112000000000000000e+03
4.113000000000000000e+03
4.114000000000000000e+03
4.115000000000000000e+03
4.116000000000000000e+03
4.117000000000000000e+03
4.230000000000000000e+03
4.232000000000000000e+03
4.233000000000000000e+03
4.234000000000000000e+03
4.235000000000000000e+03
4.265000000000000000e+03
4.266000000000000000e+03
4.268000000000000000e+03
4.269000000000000000e+03
4.270000000000000000e+03
4.271000000000000000e+03
4.272000000000000000e+03
4.273000000000000000e+03
4.274000000000000000e+03
4.275000000000000000e+03
4.276000000000000000e+03
4.277000000000000000e+03
4.323000000000000000e+03
4.337000000000000000e+03
4.338000000000000000e+03
4.339000000000000000e+03
4.340000000000000000e+03
4.341000000000000000e+03
4.342000000000000000e+03
4.387000000000000000e+03
4.388000000000000000e+03
4.389000000000000000e+03
4.390000000000000000e+03
4.391000000000000000e+03
4.392000000000000000e+03
4.393000000000000000e+03
4.417000000000000000e+03
4.418000000000000000e+03
4.419000000000000000e+03
4.420000000000000000e+03
4.421000000000000000e+03
4.438000000000000000e+03
4.439000000000000000e+03
4.440000000000000000e+03
4.469000000000000000e+03
4.470000000000000000e+03
4.471000000000000000e+03
4.472000000000000000e+03
4.473000000000000000e+03
4.474000000000000000e+03
4.475000000000000000e+03
4.476000000000000000e+03
4.500000000000000000e+03
4.501000000000000000e+03
4.502000000000000000e+03
4.503000000000000000e+03
4.504000000000000000e+03
4.505000000000000000e+03
4.534000000000000000e+03
4.535000000000000000e+03
4.566000000000000000e+03
4.573000000000000000e+03
4.587000000000000000e+03
4.588000000000000000e+03
4.599000000000000000e+03
4.600000000000000000e+03
4.601000000000000000e+03
4.602000000000000000e+03
4.603000000000000000e+03
4.614000000000000000e+03
4.615000000000000000e+03
4.616000000000000000e+03
4.617000000000000000e+03
4.618000000000000000e+03
4.662000000000000000e+03
4.663000000000000000e+03
4.692000000000000000e+03
4.693000000000000000e+03
4.698000000000000000e+03
4.715000000000000000e+03
4.716000000000000000e+03
4.717000000000000000e+03
4.724000000000000000e+03
4.727000000000000000e+03
4.728000000000000000e+03
4.729000000000000000e+03
4.737000000000000000e+03
4.741000000000000000e+03
4.742000000000000000e+03
4.747000000000000000e+03
4.748000000000000000e+03
4.749000000000000000e+03
4.750000000000000000e+03
4.793000000000000000e+03
4.802000000000000000e+03
4.803000000000000000e+03
4.805000000000000000e+03
4.806000000000000000e+03
4.828000000000000000e+03
4.829000000000000000e+03
4.832000000000000000e+03
4.833000000000000000e+03
4.834000000000000000e+03
4.837000000000000000e+03
4.858000000000000000e+03
4.859000000000000000e+03
4.860000000000000000e+03
4.861000000000000000e+03
4.862000000000000000e+03
4.863000000000000000e+03
4.864000000000000000e+03
4.865000000000000000e+03
4.866000000000000000e+03
4.907000000000000000e+03
4.921000000000000000e+03
4.922000000000000000e+03
4.923000000000000000e+03
4.924000000000000000e+03
4.925000000000000000e+03
4.926000000000000000e+03
4.927000000000000000e+03
4.928000000000000000e+03
4.962000000000000000e+03
4.963000000000000000e+03
4.964000000000000000e+03
4.968000000000000000e+03
4.969000000000000000e+03
4.970000000000000000e+03
4.971000000000000000e+03
4.972000000000000000e+03
4.973000000000000000e+03
4.974000000000000000e+03
4.975000000000000000e+03
4.976000000000000000e+03
4.977000000000000000e+03
5.026000000000000000e+03
5.027000000000000000e+03
5.029000000000000000e+03
5.031000000000000000e+03
5.032000000000000000e+03
5.033000000000000000e+03
5.034000000000000000e+03
5.035000000000000000e+03
5.036000000000000000e+03
5.037000000000000000e+03
5.038000000000000000e+03
5.039000000000000000e+03
5.040000000000000000e+03
5.041000000000000000e+03
5.187000000000000000e+03
5.188000000000000000e+03
5.189000000000000000e+03
5.190000000000000000e+03
5.191000000000000000e+03
5.192000000000000000e+03
5.193000000000000000e+03
5.194000000000000000e+03
5.201000000000000000e+03
5.237000000000000000e+03
5.238000000000000000e+03
5.239000000000000000e+03
5.240000000000000000e+03
5.473000000000000000e+03
5.474000000000000000e+03
5.476000000000000000e+03
5.478000000000000000e+03
5.479000000000000000e+03
5.480000000000000000e+03
5.572000000000000000e+03
5.573000000000000000e+03
5.602000000000000000e+03
5.657000000000000000e+03
5.792000000000000000e+03
5.793000000000000000e+03
5.794000000000000000e+03
5.795000000000000000e+03
5.796000000000000000e+03
5.797000000000000000e+03
5.798000000000000000e+03
5.799000000000000000e+03
5.800000000000000000e+03
5.848000000000000000e+03
6.066000000000000000e+03
6.068000000000000000e+03
6.069000000000000000e+03
6.070000000000000000e+03
6.072000000000000000e+03
6.073000000000000000e+03
6.100000000000000000e+03
6.104000000000000000e+03
6.105000000000000000e+03
6.106000000000000000e+03
6.107000000000000000e+03
6.108000000000000000e+03
6.109000000000000000e+03
6.110000000000000000e+03
6.111000000000000000e+03
6.112000000000000000e+03
6.113000000000000000e+03
6.151000000000000000e+03
6.152000000000000000e+03
6.153000000000000000e+03
6.154000000000000000e+03
6.158000000000000000e+03
6.160000000000000000e+03
6.176000000000000000e+03
6.177000000000000000e+03
6.178000000000000000e+03
6.179000000000000000e+03
6.346000000000000000e+03
6.347000000000000000e+03
6.348000000000000000e+03
6.349000000000000000e+03
6.350000000000000000e+03
6.351000000000000000e+03
6.352000000000000000e+03
6.353000000000000000e+03
6.380000000000000000e+03
6.381000000000000000e+03
6.382000000000000000e+03
6.383000000000000000e+03
6.384000000000000000e+03
6.385000000000000000e+03
6.386000000000000000e+03
6.387000000000000000e+03
6.445000000000000000e+03
6.446000000000000000e+03
6.447000000000000000e+03
6.448000000000000000e+03
6.449000000000000000e+03
6.450000000000000000e+03
6.451000000000000000e+03
6.452000000000000000e+03
6.453000000000000000e+03
6.454000000000000000e+03
6.455000000000000000e+03
6.456000000000000000e+03
6.502000000000000000e+03
6.503000000000000000e+03
6.504000000000000000e+03
6.505000000000000000e+03
6.506000000000000000e+03
6.545000000000000000e+03
6.546000000000000000e+03
6.547000000000000000e+03
6.548000000000000000e+03
6.549000000000000000e+03
6.550000000000000000e+03
6.551000000000000000e+03
6.552000000000000000e+03
6.600000000000000000e+03
6.601000000000000000e+03
6.602000000000000000e+03
6.603000000000000000e+03
6.604000000000000000e+03
6.605000000000000000e+03
