9.300000000000000000e+01
9.800000000000000000e+01
9.900000000000000000e+01
1.000000000000000000e+02
1.010000000000000000e+02
1.020000000000000000e+02
1.030000000000000000e+02
2.830000000000000000e+02
2.840000000000000000e+02
2.850000000000000000e+02
2.860000000000000000e+02
2.870000000000000000e+02
2.880000000000000000e+02
2.890000000000000000e+02
2.900000000000000000e+02
2.960000000000000000e+02
2.970000000000000000e+02
3.010000000000000000e+02
3.020000000000000000e+02
3.030000000000000000e+02
3.040000000000000000e+02
6.000000000000000000e+02
6.390000000000000000e+02
6.400000000000000000e+02
1.001000000000000000e+03
1.002000000000000000e+03
1.004000000000000000e+03
1.005000000000000000e+03
1.006000000000000000e+03
1.007000000000000000e+03
1.015000000000000000e+03
1.016000000000000000e+03
1.158000000000000000e+03
1.159000000000000000e+03
1.160000000000000000e+03
1.161000000000000000e+03
1.162000000000000000e+03
1.163000000000000000e+03
1.205000000000000000e+03
1.207000000000000000e+03
1.208000000000000000e+03
1.265000000000000000e+03
1.266000000000000000e+03
1.267000000000000000e+03
1.268000000000000000e+03
1.269000000000000000e+03
1.270000000000000000e+03
1.314000000000000000e+03
1.393000000000000000e+03
1.394000000000000000e+03
1.395000000000000000e+03
1.396000000000000000e+03
1.397000000000000000e+03
1.398000000000000000e+03
1.399000000000000000e+03
1.400000000000000000e+03
1.401000000000000000e+03
1.402000000000000000e+03
1.403000000000000000e+03
1.665000000000000000e+03
1.713000000000000000e+03
2.012000000000000000e+03
2.013000000000000000e+03
2.014000000000000000e+03
2.015000000000000000e+03
2.016000000000000000e+03
2.018000000000000000e+03
2.019000000000000000e+03
2.066000000000000000e+03
2.135000000000000000e+03
2.136000000000000000e+03
2.138000000000000000e+03
2.139000000000000000e+03
2.140000000000000000e+03
2.142000000000000000e+03
2.143000000000000000e+03
2.418000000000000000e+03
2.425000000000000000e+03
2.426000000000000000e+03
2.598000000000000000e+03
2.599000000000000000e+03
2.600000000000000000e+03
2.768000000000000000e+03
2.770000000000000000e+03
2.771000000000000000e+03
2.772000000000000000e+03
2.773000000000000000e+03
2.774000000000000000e+03
3.044000000000000000e+03
3.045000000000000000e+03
3.046000000000000000e+03
3.048000000000000000e+03
3.051000000000000000e+03
3.054000000000000000e+03
3.055000000000000000e+03
3.321000000000000000e+03
3.322000000000000000e+03
3.670000000000000000e+03
3.671000000000000000e+03
3.672000000000000000e+03
3.673000000000000000e+03
3.674000000000000000e+03
3.676000000000000000e+03
3.683000000000000000e+03
3.684000000000000000e+03
3.685000000000000000e+03
4.105000000000000000e+03
4.207000000000000000e+03
4.208000000000000000e+03
4.209000000000000000e+03
4.212000000000000000e+03
5.120000000000000000e+03
5.124000000000000000e+03
5.125000000000000000e+03
5.126000000000000000e+03
5.127000000000000000e+03
5.149000000000000000e+03
5.281000000000000000e+03
5.282000000000000000e+03
5.284000000000000000e+03
5.285000000000000000e+03
5.320000000000000000e+03
5.410000000000000000e+03
5.411000000000000000e+03
5.412000000000000000e+03
5.413000000000000000e+03
5.414000000000000000e+03
5.415000000000000000e+03
5.416000000000000000e+03
5.418000000000000000e+03
5.434000000000000000e+03
5.435000000000000000e+03
5.436000000000000000e+03
5.440000000000000000e+03
5.535000000000000000e+03
5.536000000000000000e+03
5.537000000000000000e+03
5.538000000000000000e+03
5.539000000000000000e+03
5.540000000000000000e+03
5.541000000000000000e+03
5.542000000000000000e+03
5.543000000000000000e+03
5.648000000000000000e+03
5.651000000000000000e+03
5.652000000000000000e+03
5.653000000000000000e+03
5.654000000000000000e+03
5.758000000000000000e+03
5.759000000000000000e+03
5.760000000000000000e+03
5.761000000000000000e+03
5.762000000000000000e+03
5.843000000000000000e+03
5.844000000000000000e+03
5.960000000000000000e+03
5.961000000000000000e+03
5.962000000000000000e+03
5.963000000000000000e+03
5.964000000000000000e+03
6.285000000000000000e+03
6.286000000000000000e+03
6.287000000000000000e+03
6.288000000000000000e+03
6.289000000000000000e+03
6.290000000000000000e+03
6.291000000000000000e+03
6.292000000000000000e+03
6.293000000000000000e+03
6.294000000000000000e+03
6.296000000000000000e+03
6.297000000000000000e+03
6.298000000000000000e+03
6.299000000000000000e+03
6.300000000000000000e+03
6.312000000000000000e+03
6.313000000000000000e+03
6.314000000000000000e+03
6.315000000000000000e+03
6.427000000000000000e+03
6.710000000000000000e+03
6.735000000000000000e+03
6.736000000000000000e+03
6.742000000000000000e+03
6.743000000000000000e+03
6.744000000000000000e+03
6.745000000000000000e+03
6.746000000000000000e+03
6.747000000000000000e+03
6.748000000000000000e+03
