5.400000000000000000e+01
5.500000000000000000e+01
5.600000000000000000e+01
5.700000000000000000e+01
5.800000000000000000e+01
5.900000000000000000e+01
2.730000000000000000e+02
2.740000000000000000e+02
2.750000000000000000e+02
2.770000000000000000e+02
2.780000000000000000e+02
2.800000000000000000e+02
2.910000000000000000e+02
2.920000000000000000e+02
2.930000000000000000e+02
2.940000000000000000e+02
2.950000000000000000e+02
3.940000000000000000e+02
3.950000000000000000e+02
3.960000000000000000e+02
4.600000000000000000e+02
4.610000000000000000e+02
4.620000000000000000e+02
4.630000000000000000e+02
5.870000000000000000e+02
5.880000000000000000e+02
5.890000000000000000e+02
7.760000000000000000e+02
7.810000000000000000e+02
7.840000000000000000e+02
7.850000000000000000e+02
7.860000000000000000e+02
7.870000000000000000e+02
7.880000000000000000e+02
7.890000000000000000e+02
9.480000000000000000e+02
9.490000000000000000e+02
1.008000000000000000e+03
1.009000000000000000e+03
1.010000000000000000e+03
1.011000000000000000e+03
1.013000000000000000e+03
1.014000000000000000e+03
1.017000000000000000e+03
1.018000000000000000e+03
1.019000000000000000e+03
1.020000000000000000e+03
1.060000000000000000e+03
1.061000000000000000e+03
1.062000000000000000e+03
1.063000000000000000e+03
1.154000000000000000e+03
1.155000000000000000e+03
1.156000000000000000e+03
1.157000000000000000e+03
1.271000000000000000e+03
1.279000000000000000e+03
1.307000000000000000e+03
1.308000000000000000e+03
1.309000000000000000e+03
1.310000000000000000e+03
1.311000000000000000e+03
1.312000000000000000e+03
1.313000000000000000e+03
1.315000000000000000e+03
1.501000000000000000e+03
1.502000000000000000e+03
1.504000000000000000e+03
1.506000000000000000e+03
1.508000000000000000e+03
1.509000000000000000e+03
1.663000000000000000e+03
1.664000000000000000e+03
1.668000000000000000e+03
1.674000000000000000e+03
1.675000000000000000e+03
1.676000000000000000e+03
1.677000000000000000e+03
1.678000000000000000e+03
1.679000000000000000e+03
1.714000000000000000e+03
1.715000000000000000e+03
1.716000000000000000e+03
1.717000000000000000e+03
1.718000000000000000e+03
1.789000000000000000e+03
1.790000000000000000e+03
1.791000000000000000e+03
1.792000000000000000e+03
1.793000000000000000e+03
1.794000000000000000e+03
1.899000000000000000e+03
1.900000000000000000e+03
1.901000000000000000e+03
1.930000000000000000e+03
2.017000000000000000e+03
2.020000000000000000e+03
2.021000000000000000e+03
2.132000000000000000e+03
2.134000000000000000e+03
2.144000000000000000e+03
2.145000000000000000e+03
2.146000000000000000e+03
2.147000000000000000e+03
2.148000000000000000e+03
2.201000000000000000e+03
2.202000000000000000e+03
2.203000000000000000e+03
2.204000000000000000e+03
2.205000000000000000e+03
2.325000000000000000e+03
2.326000000000000000e+03
2.419000000000000000e+03
2.420000000000000000e+03
2.421000000000000000e+03
2.422000000000000000e+03
2.423000000000000000e+03
2.424000000000000000e+03
2.607000000000000000e+03
2.608000000000000000e+03
3.001000000000000000e+03
3.040000000000000000e+03
3.056000000000000000e+03
3.067000000000000000e+03
3.068000000000000000e+03
3.069000000000000000e+03
3.070000000000000000e+03
3.071000000000000000e+03
3.072000000000000000e+03
3.238000000000000000e+03
3.239000000000000000e+03
3.240000000000000000e+03
3.241000000000000000e+03
3.242000000000000000e+03
3.243000000000000000e+03
3.244000000000000000e+03
3.245000000000000000e+03
3.315000000000000000e+03
3.316000000000000000e+03
3.317000000000000000e+03
3.318000000000000000e+03
3.319000000000000000e+03
3.320000000000000000e+03
3.657000000000000000e+03
3.658000000000000000e+03
3.675000000000000000e+03
3.677000000000000000e+03
3.678000000000000000e+03
3.681000000000000000e+03
3.856000000000000000e+03
3.857000000000000000e+03
3.858000000000000000e+03
3.859000000000000000e+03
3.860000000000000000e+03
3.861000000000000000e+03
3.862000000000000000e+03
3.863000000000000000e+03
3.864000000000000000e+03
3.865000000000000000e+03
3.866000000000000000e+03
4.075000000000000000e+03
4.076000000000000000e+03
4.077000000000000000e+03
4.078000000000000000e+03
4.079000000000000000e+03
4.080000000000000000e+03
4.081000000000000000e+03
4.082000000000000000e+03
4.162000000000000000e+03
4.163000000000000000e+03
4.168000000000000000e+03
4.169000000000000000e+03
4.170000000000000000e+03
4.171000000000000000e+03
4.172000000000000000e+03
4.173000000000000000e+03
4.174000000000000000e+03
4.236000000000000000e+03
4.237000000000000000e+03
4.238000000000000000e+03
4.343000000000000000e+03
4.344000000000000000e+03
4.345000000000000000e+03
4.346000000000000000e+03
4.347000000000000000e+03
4.348000000000000000e+03
4.536000000000000000e+03
4.537000000000000000e+03
4.538000000000000000e+03
4.539000000000000000e+03
4.540000000000000000e+03
4.541000000000000000e+03
4.542000000000000000e+03
4.543000000000000000e+03
4.544000000000000000e+03
5.042000000000000000e+03
5.043000000000000000e+03
5.044000000000000000e+03
5.121000000000000000e+03
5.122000000000000000e+03
5.123000000000000000e+03
5.154000000000000000e+03
5.156000000000000000e+03
5.277000000000000000e+03
5.278000000000000000e+03
5.279000000000000000e+03
5.280000000000000000e+03
5.321000000000000000e+03
5.322000000000000000e+03
5.323000000000000000e+03
5.324000000000000000e+03
5.419000000000000000e+03
5.420000000000000000e+03
5.437000000000000000e+03
5.438000000000000000e+03
5.439000000000000000e+03
5.441000000000000000e+03
5.649000000000000000e+03
5.650000000000000000e+03
5.725000000000000000e+03
5.726000000000000000e+03
5.727000000000000000e+03
5.728000000000000000e+03
5.763000000000000000e+03
5.764000000000000000e+03
5.765000000000000000e+03
5.801000000000000000e+03
5.842000000000000000e+03
5.864000000000000000e+03
5.865000000000000000e+03
5.866000000000000000e+03
5.867000000000000000e+03
5.869000000000000000e+03
5.927000000000000000e+03
5.928000000000000000e+03
5.929000000000000000e+03
5.930000000000000000e+03
5.931000000000000000e+03
5.932000000000000000e+03
5.933000000000000000e+03
5.934000000000000000e+03
5.935000000000000000e+03
5.936000000000000000e+03
5.965000000000000000e+03
5.966000000000000000e+03
5.967000000000000000e+03
5.968000000000000000e+03
5.969000000000000000e+03
5.970000000000000000e+03
5.971000000000000000e+03
6.024000000000000000e+03
6.025000000000000000e+03
6.234000000000000000e+03
6.235000000000000000e+03
6.301000000000000000e+03
6.302000000000000000e+03
6.303000000000000000e+03
6.309000000000000000e+03
6.310000000000000000e+03
6.311000000000000000e+03
6.423000000000000000e+03
6.424000000000000000e+03
6.709000000000000000e+03
6.711000000000000000e+03
6.712000000000000000e+03
6.741000000000000000e+03
