1.870000000000000000e+02
1.890000000000000000e+02
1.900000000000000000e+02
1.910000000000000000e+02
3.580000000000000000e+02
3.590000000000000000e+02
3.710000000000000000e+02
3.720000000000000000e+02
3.730000000000000000e+02
3.740000000000000000e+02
3.750000000000000000e+02
3.760000000000000000e+02
4.860000000000000000e+02
4.870000000000000000e+02
4.880000000000000000e+02
4.890000000000000000e+02
4.900000000000000000e+02
4.910000000000000000e+02
4.930000000000000000e+02
4.940000000000000000e+02
4.950000000000000000e+02
5.570000000000000000e+02
5.580000000000000000e+02
5.590000000000000000e+02
5.600000000000000000e+02
5.610000000000000000e+02
6.850000000000000000e+02
6.860000000000000000e+02
6.870000000000000000e+02
6.880000000000000000e+02
6.890000000000000000e+02
6.900000000000000000e+02
6.910000000000000000e+02
6.920000000000000000e+02
6.930000000000000000e+02
6.940000000000000000e+02
6.950000000000000000e+02
6.960000000000000000e+02
8.960000000000000000e+02
8.970000000000000000e+02
8.980000000000000000e+02
9.020000000000000000e+02
9.030000000000000000e+02
9.040000000000000000e+02
9.160000000000000000e+02
1.591000000000000000e+03
1.592000000000000000e+03
1.593000000000000000e+03
1.594000000000000000e+03
1.595000000000000000e+03
1.849000000000000000e+03
1.850000000000000000e+03
1.851000000000000000e+03
1.853000000000000000e+03
1.854000000000000000e+03
1.855000000000000000e+03
1.857000000000000000e+03
1.858000000000000000e+03
1.874000000000000000e+03
1.876000000000000000e+03
1.877000000000000000e+03
1.878000000000000000e+03
1.879000000000000000e+03
1.880000000000000000e+03
1.881000000000000000e+03
1.882000000000000000e+03
1.883000000000000000e+03
1.884000000000000000e+03
2.287000000000000000e+03
2.291000000000000000e+03
2.292000000000000000e+03
2.293000000000000000e+03
2.294000000000000000e+03
2.362000000000000000e+03
2.363000000000000000e+03
2.364000000000000000e+03
2.365000000000000000e+03
2.394000000000000000e+03
2.395000000000000000e+03
2.458000000000000000e+03
2.459000000000000000e+03
2.460000000000000000e+03
2.461000000000000000e+03
2.462000000000000000e+03
2.464000000000000000e+03
2.543000000000000000e+03
2.559000000000000000e+03
2.561000000000000000e+03
2.562000000000000000e+03
2.563000000000000000e+03
2.564000000000000000e+03
2.565000000000000000e+03
2.620000000000000000e+03
2.621000000000000000e+03
2.622000000000000000e+03
2.625000000000000000e+03
2.796000000000000000e+03
2.797000000000000000e+03
2.798000000000000000e+03
2.799000000000000000e+03
2.800000000000000000e+03
2.801000000000000000e+03
2.805000000000000000e+03
2.806000000000000000e+03
2.807000000000000000e+03
2.808000000000000000e+03
2.809000000000000000e+03
2.810000000000000000e+03
2.872000000000000000e+03
2.873000000000000000e+03
2.874000000000000000e+03
2.875000000000000000e+03
2.876000000000000000e+03
2.878000000000000000e+03
2.879000000000000000e+03
2.953000000000000000e+03
2.956000000000000000e+03
2.957000000000000000e+03
2.977000000000000000e+03
2.978000000000000000e+03
2.979000000000000000e+03
2.980000000000000000e+03
2.981000000000000000e+03
3.086000000000000000e+03
3.087000000000000000e+03
3.088000000000000000e+03
3.293000000000000000e+03
3.294000000000000000e+03
3.295000000000000000e+03
3.296000000000000000e+03
3.297000000000000000e+03
3.336000000000000000e+03
3.337000000000000000e+03
3.338000000000000000e+03
3.411000000000000000e+03
3.412000000000000000e+03
3.413000000000000000e+03
3.483000000000000000e+03
3.484000000000000000e+03
3.487000000000000000e+03
3.570000000000000000e+03
3.571000000000000000e+03
3.572000000000000000e+03
3.573000000000000000e+03
3.574000000000000000e+03
3.575000000000000000e+03
3.576000000000000000e+03
3.577000000000000000e+03
3.578000000000000000e+03
3.579000000000000000e+03
3.580000000000000000e+03
3.649000000000000000e+03
3.651000000000000000e+03
3.704000000000000000e+03
3.706000000000000000e+03
3.708000000000000000e+03
3.709000000000000000e+03
3.712000000000000000e+03
3.713000000000000000e+03
3.715000000000000000e+03
3.717000000000000000e+03
3.765000000000000000e+03
3.766000000000000000e+03
3.767000000000000000e+03
3.768000000000000000e+03
3.769000000000000000e+03
3.839000000000000000e+03
3.841000000000000000e+03
3.951000000000000000e+03
3.952000000000000000e+03
3.953000000000000000e+03
3.954000000000000000e+03
3.955000000000000000e+03
4.039000000000000000e+03
4.040000000000000000e+03
4.041000000000000000e+03
4.288000000000000000e+03
4.289000000000000000e+03
4.308000000000000000e+03
4.310000000000000000e+03
4.312000000000000000e+03
4.313000000000000000e+03
4.314000000000000000e+03
4.315000000000000000e+03
4.358000000000000000e+03
4.370000000000000000e+03
4.398000000000000000e+03
4.490000000000000000e+03
4.491000000000000000e+03
4.492000000000000000e+03
4.493000000000000000e+03
4.494000000000000000e+03
4.495000000000000000e+03
4.518000000000000000e+03
4.519000000000000000e+03
4.520000000000000000e+03
4.521000000000000000e+03
4.522000000000000000e+03
4.523000000000000000e+03
4.641000000000000000e+03
4.642000000000000000e+03
4.643000000000000000e+03
4.644000000000000000e+03
4.645000000000000000e+03
4.774000000000000000e+03
4.775000000000000000e+03
4.776000000000000000e+03
4.777000000000000000e+03
4.846000000000000000e+03
4.847000000000000000e+03
4.874000000000000000e+03
4.875000000000000000e+03
4.876000000000000000e+03
4.877000000000000000e+03
4.940000000000000000e+03
4.941000000000000000e+03
4.942000000000000000e+03
4.943000000000000000e+03
4.944000000000000000e+03
4.945000000000000000e+03
4.946000000000000000e+03
4.947000000000000000e+03
4.948000000000000000e+03
4.949000000000000000e+03
4.950000000000000000e+03
4.951000000000000000e+03
4.952000000000000000e+03
4.953000000000000000e+03
4.954000000000000000e+03
5.070000000000000000e+03
5.071000000000000000e+03
5.072000000000000000e+03
5.073000000000000000e+03
5.074000000000000000e+03
5.075000000000000000e+03
5.076000000000000000e+03
5.077000000000000000e+03
5.081000000000000000e+03
5.083000000000000000e+03
5.217000000000000000e+03
5.218000000000000000e+03
5.219000000000000000e+03
5.220000000000000000e+03
5.221000000000000000e+03
5.222000000000000000e+03
5.225000000000000000e+03
5.226000000000000000e+03
5.463000000000000000e+03
5.464000000000000000e+03
5.465000000000000000e+03
5.466000000000000000e+03
5.467000000000000000e+03
5.468000000000000000e+03
5.469000000000000000e+03
5.582000000000000000e+03
5.585000000000000000e+03
5.586000000000000000e+03
5.587000000000000000e+03
5.588000000000000000e+03
5.589000000000000000e+03
5.590000000000000000e+03
5.591000000000000000e+03
5.592000000000000000e+03
5.593000000000000000e+03
5.611000000000000000e+03
5.672000000000000000e+03
5.673000000000000000e+03
5.674000000000000000e+03
5.675000000000000000e+03
5.812000000000000000e+03
5.814000000000000000e+03
5.815000000000000000e+03
5.832000000000000000e+03
6.080000000000000000e+03
6.081000000000000000e+03
6.082000000000000000e+03
6.084000000000000000e+03
6.085000000000000000e+03
6.086000000000000000e+03
6.087000000000000000e+03
6.088000000000000000e+03
6.125000000000000000e+03
6.126000000000000000e+03
6.127000000000000000e+03
6.170000000000000000e+03
6.186000000000000000e+03
6.187000000000000000e+03
6.188000000000000000e+03
6.189000000000000000e+03
6.190000000000000000e+03
6.191000000000000000e+03
6.192000000000000000e+03
6.196000000000000000e+03
6.197000000000000000e+03
6.198000000000000000e+03
6.199000000000000000e+03
6.321000000000000000e+03
6.322000000000000000e+03
6.323000000000000000e+03
6.324000000000000000e+03
6.325000000000000000e+03
6.326000000000000000e+03
6.327000000000000000e+03
6.328000000000000000e+03
6.362000000000000000e+03
6.363000000000000000e+03
6.365000000000000000e+03
6.366000000000000000e+03
6.367000000000000000e+03
6.368000000000000000e+03
6.369000000000000000e+03
6.467000000000000000e+03
6.468000000000000000e+03
6.469000000000000000e+03
6.470000000000000000e+03
6.471000000000000000e+03
6.472000000000000000e+03
6.473000000000000000e+03
6.474000000000000000e+03
6.475000000000000000e+03
6.477000000000000000e+03
6.478000000000000000e+03
6.479000000000000000e+03
6.480000000000000000e+03
6.481000000000000000e+03
6.482000000000000000e+03
6.560000000000000000e+03
6.561000000000000000e+03
6.567000000000000000e+03
6.573000000000000000e+03
6.580000000000000000e+03
6.581000000000000000e+03
6.582000000000000000e+03
6.583000000000000000e+03
6.755000000000000000e+03
