2.360000000000000000e+02
2.370000000000000000e+02
2.380000000000000000e+02
3.470000000000000000e+02
3.480000000000000000e+02
3.490000000000000000e+02
3.500000000000000000e+02
3.510000000000000000e+02
3.520000000000000000e+02
3.530000000000000000e+02
3.610000000000000000e+02
3.620000000000000000e+02
3.630000000000000000e+02
3.640000000000000000e+02
3.650000000000000000e+02
3.700000000000000000e+02
4.920000000000000000e+02
6.970000000000000000e+02
6.980000000000000000e+02
6.990000000000000000e+02
8.920000000000000000e+02
8.950000000000000000e+02
8.990000000000000000e+02
9.000000000000000000e+02
9.010000000000000000e+02
9.050000000000000000e+02
9.060000000000000000e+02
9.070000000000000000e+02
9.080000000000000000e+02
9.090000000000000000e+02
9.100000000000000000e+02
9.120000000000000000e+02
9.150000000000000000e+02
1.465000000000000000e+03
1.623000000000000000e+03
1.624000000000000000e+03
1.852000000000000000e+03
1.856000000000000000e+03
1.859000000000000000e+03
1.860000000000000000e+03
1.861000000000000000e+03
1.862000000000000000e+03
1.885000000000000000e+03
1.886000000000000000e+03
2.270000000000000000e+03
2.271000000000000000e+03
2.272000000000000000e+03
2.273000000000000000e+03
2.274000000000000000e+03
2.295000000000000000e+03
2.296000000000000000e+03
2.297000000000000000e+03
2.298000000000000000e+03
2.299000000000000000e+03
2.300000000000000000e+03
2.366000000000000000e+03
2.367000000000000000e+03
2.368000000000000000e+03
2.369000000000000000e+03
2.370000000000000000e+03
2.371000000000000000e+03
2.372000000000000000e+03
2.373000000000000000e+03
2.374000000000000000e+03
2.375000000000000000e+03
2.377000000000000000e+03
2.383000000000000000e+03
2.386000000000000000e+03
2.387000000000000000e+03
2.388000000000000000e+03
2.463000000000000000e+03
2.539000000000000000e+03
2.540000000000000000e+03
2.541000000000000000e+03
2.542000000000000000e+03
2.544000000000000000e+03
2.545000000000000000e+03
2.546000000000000000e+03
2.547000000000000000e+03
2.560000000000000000e+03
2.568000000000000000e+03
2.570000000000000000e+03
2.571000000000000000e+03
2.572000000000000000e+03
2.573000000000000000e+03
2.623000000000000000e+03
2.624000000000000000e+03
2.626000000000000000e+03
2.627000000000000000e+03
2.711000000000000000e+03
2.712000000000000000e+03
2.713000000000000000e+03
2.714000000000000000e+03
2.715000000000000000e+03
2.716000000000000000e+03
2.717000000000000000e+03
2.718000000000000000e+03
2.724000000000000000e+03
2.730000000000000000e+03
2.733000000000000000e+03
2.954000000000000000e+03
2.955000000000000000e+03
2.958000000000000000e+03
2.959000000000000000e+03
2.960000000000000000e+03
2.961000000000000000e+03
2.969000000000000000e+03
2.971000000000000000e+03
2.972000000000000000e+03
3.192000000000000000e+03
3.195000000000000000e+03
3.196000000000000000e+03
3.200000000000000000e+03
3.202000000000000000e+03
3.203000000000000000e+03
3.204000000000000000e+03
3.205000000000000000e+03
3.206000000000000000e+03
3.207000000000000000e+03
3.208000000000000000e+03
3.209000000000000000e+03
3.210000000000000000e+03
3.211000000000000000e+03
3.298000000000000000e+03
3.299000000000000000e+03
3.300000000000000000e+03
3.490000000000000000e+03
3.491000000000000000e+03
3.494000000000000000e+03
3.495000000000000000e+03
3.496000000000000000e+03
3.497000000000000000e+03
3.498000000000000000e+03
3.566000000000000000e+03
3.567000000000000000e+03
3.568000000000000000e+03
3.569000000000000000e+03
3.650000000000000000e+03
3.652000000000000000e+03
3.714000000000000000e+03
3.716000000000000000e+03
3.759000000000000000e+03
3.764000000000000000e+03
3.810000000000000000e+03
3.811000000000000000e+03
3.812000000000000000e+03
3.813000000000000000e+03
3.814000000000000000e+03
3.815000000000000000e+03
3.816000000000000000e+03
3.837000000000000000e+03
3.838000000000000000e+03
3.840000000000000000e+03
3.956000000000000000e+03
4.042000000000000000e+03
4.043000000000000000e+03
4.044000000000000000e+03
4.046000000000000000e+03
4.047000000000000000e+03
4.048000000000000000e+03
4.049000000000000000e+03
4.285000000000000000e+03
4.286000000000000000e+03
4.290000000000000000e+03
4.293000000000000000e+03
4.294000000000000000e+03
4.306000000000000000e+03
4.307000000000000000e+03
4.311000000000000000e+03
4.395000000000000000e+03
4.488000000000000000e+03
4.489000000000000000e+03
4.524000000000000000e+03
4.634000000000000000e+03
4.635000000000000000e+03
4.636000000000000000e+03
4.637000000000000000e+03
4.638000000000000000e+03
4.639000000000000000e+03
4.640000000000000000e+03
4.757000000000000000e+03
4.955000000000000000e+03
5.084000000000000000e+03
5.085000000000000000e+03
5.086000000000000000e+03
5.223000000000000000e+03
5.224000000000000000e+03
5.227000000000000000e+03
5.228000000000000000e+03
5.229000000000000000e+03
5.594000000000000000e+03
5.595000000000000000e+03
5.596000000000000000e+03
5.597000000000000000e+03
5.598000000000000000e+03
5.599000000000000000e+03
5.612000000000000000e+03
5.613000000000000000e+03
5.614000000000000000e+03
5.615000000000000000e+03
5.676000000000000000e+03
5.677000000000000000e+03
5.816000000000000000e+03
5.817000000000000000e+03
5.818000000000000000e+03
5.833000000000000000e+03
5.853000000000000000e+03
6.089000000000000000e+03
6.121000000000000000e+03
6.122000000000000000e+03
6.123000000000000000e+03
6.124000000000000000e+03
6.169000000000000000e+03
6.200000000000000000e+03
6.201000000000000000e+03
6.370000000000000000e+03
6.371000000000000000e+03
6.402000000000000000e+03
6.403000000000000000e+03
6.476000000000000000e+03
6.483000000000000000e+03
6.484000000000000000e+03
6.486000000000000000e+03
6.492000000000000000e+03
6.494000000000000000e+03
6.495000000000000000e+03
6.496000000000000000e+03
6.568000000000000000e+03
6.569000000000000000e+03
6.570000000000000000e+03
6.571000000000000000e+03
6.572000000000000000e+03
6.578000000000000000e+03
