9.999570342150867486e-01 9.963765521389800206e-01 9.982384028185554703e-01 9.976655256863784516e-01 9.970926485542013218e-01 9.976655256863784516e-01 1.003967174140326213e+00 1.002964639159016347e+00 1.004253612706414778e+00 1.001818884894662087e+00 1.003394297008149083e+00
1.003378593740039459e+00 9.976413590871422432e-01 1.004908522980812124e+00 1.005928475807993827e+00 9.970038885701536513e-01 1.002103652706062276e+00 1.000063747051698870e+00 9.987888060177215754e-01 9.990437942245171676e-01 9.911391598138585834e-01 9.986613119143238348e-01
9.874502917936268664e-01 9.988121675360221996e-01 9.980374941899498031e-01 1.004493105407219922e+00 9.982957186386406390e-01 1.009657594381035972e+00 1.008624696586272629e+00 1.001910860920311785e+00 9.962299230491141744e-01 9.964881474978048992e-01 1.011206941073180765e+00
9.964449482198980412e-01 9.956721108763975092e-01 1.002112422072234610e+00 9.959297233242310199e-01 1.007264671028904157e+00 1.006234221237570337e+00 9.995362975938997252e-01 9.938688237415631566e-01 9.941264361893965562e-01 1.008810345715904999e+00 1.002498840743984765e+00
1.001351438316493869e+00 9.951734345839500229e-01 1.006499774760280630e+00 1.005470107471523322e+00 9.987772700946005999e-01 9.931141000064354074e-01 9.933715168286246788e-01 1.008044275693416481e+00 1.001737563549777832e+00 9.964605186948967130e-01 9.893815560846901391e-01
9.963660730393547604e-01 1.007705986959098965e+00 1.006675085693667704e+00 9.999742274683642851e-01 9.943042705084921273e-01 9.945619958248498316e-01 1.009252338857246079e+00 1.002938068606479272e+00 9.976546996211438367e-01 9.905672534213036950e-01 9.917270173449138637e-01
9.908972691807542699e-01 9.921976592977893583e-01 9.914174252275682608e-01 1.002470741222366790e+00 1.011183355006501916e+00 1.006111833550065171e+00 1.005201560468140354e+00 9.992197659297789025e-01 1.000000000000000000e+00 1.001300390117035199e+00 1.005461638491547571e+00
1.009830785813539578e+00 1.004766048076048968e+00 1.003856992584704289e+00 9.978831993558691105e-01 9.986623897770215974e-01 9.999610404789422979e-01 1.004116722725088673e+00 9.958053582327959230e-01 9.968442787943325722e-01 9.882731841616558821e-01 9.877537238808876685e-01
1.014361962715623067e+00 1.004821700229482140e+00 1.004563855297424313e+00 1.007400149550060853e+00 9.925740659567338087e-01 9.956682051414280643e-01 9.924451434907047842e-01 9.939922130830520786e-01 9.970863522677463342e-01 9.970863522677463342e-01 9.947657478792256702e-01
1.006794636629033457e+00 1.006536285426408828e+00 1.009378148655281970e+00 9.945229545043532404e-01 9.976231689358513455e-01 9.943937789030407037e-01 9.959438861187899228e-01 9.990441005502880278e-01 9.990441005502880278e-01 9.967189397266644768e-01 9.912935644715425987e-01
9.986249124354618090e-01 1.000181615338712637e+00 1.003295021145214516e+00 1.003295021145214516e+00 1.000959966790338163e+00 9.955115066289599302e-01 9.973276600160859706e-01 9.969384842902733190e-01 1.004073372596840041e+00 9.997924396129000968e-01 9.946034299353969654e-01
1.000583998442670985e+00 1.003698656803581946e+00 1.003698656803581946e+00 1.001362663032898670e+00 9.959120109013043232e-01 9.977288949451690314e-01 9.973395626500551892e-01 1.004477321393809630e+00 1.000194666147557143e+00 9.950035688793720245e-01 9.966906754915321187e-01
9.949707056566599039e-01 9.935448747861252983e-01 9.936744957743557372e-01 1.002099860009332710e+00 1.000933271115258982e+00 1.000674029138798105e+00 1.002747964950484683e+00 1.003007206926945560e+00 1.003136827915175999e+00 1.005210763726862577e+00 1.009877119303157489e+00
9.966224926519878791e-01 9.954622802041974694e-01 9.952044552157994772e-01 9.972670551229825264e-01 9.975248801113802966e-01 9.976537926055792926e-01 9.997163925127623418e-01 1.004357242303923980e+00 1.006162017222709260e+00 1.010029392048677366e+00 1.007322229670499558e+00
9.930154483361847140e-01 9.950735114415446558e-01 9.953307693297145375e-01 9.954593982737995894e-01 9.975174613791596423e-01 1.002148103366219623e+00 1.003948908583409461e+00 1.007807776905959463e+00 1.005106569080174372e+00 1.004592053303834387e+00 9.991896376522645395e-01
9.944595133113084406e-01 9.947166124615957061e-01 9.948451620367393389e-01 9.969019552390377958e-01 1.001529739944209352e+00 1.003329433996220432e+00 1.007185921250530081e+00 1.004486380172513460e+00 1.003972181871938707e+00 9.985730997159052436e-01 9.972876039644686941e-01
9.944353771220746374e-01 9.945638903525118035e-01 9.966201020395050181e-01 1.001246578335239557e+00 1.003045763561358550e+00 1.006901160474470869e+00 1.004202382635292379e+00 1.003688329713543936e+00 9.982907740351868453e-01 9.970056417308161834e-01 1.001375091565676723e+00
9.953006078561578152e-01 9.953006078561578152e-01 9.986208305664812102e-01 1.004750472493231905e+00 1.011390917913878695e+00 1.006793686468815618e+00 1.000280941921642741e+00 9.955560096031057515e-01 9.963222148439496717e-01 9.956837104765797752e-01 9.858507432190837250e-01
9.922211723896920965e-01 9.942920749148989046e-01 9.948098005462006066e-01 9.988221741887887140e-01 9.998576254513920070e-01 1.003611136278329319e+00 1.001799096568773306e+00 9.997281940435666092e-01 1.003481704870503810e+00 1.011377020747854738e+00 1.008529529775695321e+00
1.002759063201796641e+00 9.999358357394931840e-01 1.003657362848893175e+00 1.001989092075713739e+00 1.001219120949631058e+00 9.999358357394931840e-01 1.000064164260506816e+00 9.990375360923965387e-01 9.985242220083413445e-01 9.928777670837344305e-01 9.953160089829965473e-01
1.001210196884718906e+00 9.996486525173396975e-01 1.002251226462971934e+00 1.001730711673845420e+00 1.003292256041224739e+00 1.001990969068408566e+00 9.989980090309316108e-01 9.992582664254947566e-01 9.954845342043280310e-01 9.961351776907361177e-01 9.980871081499602671e-01
9.975870054575782797e-01 1.000178140536688964e+00 1.002445383730910633e+00 1.001149816191355457e+00 9.982347892273558676e-01 1.004874572867576754e+00 1.006332086349576382e+00 9.975870054575782797e-01 9.943480866086900072e-01 9.972631135726893747e-01 9.959675460331340879e-01
1.000340141563679230e+00 1.002607751988208173e+00 1.001311974602763222e+00 9.983964754855113588e-01 1.005037334585918041e+00 1.006495084144543695e+00 9.977485867927888830e-01 9.945091433291758376e-01 9.974246424464274785e-01 9.961288650609824158e-01 9.967767537537048916e-01
1.002965147366203791e+00 1.001668908080431741e+00 9.987523696874442969e-01 1.005395596027026661e+00 1.006853865223520383e+00 9.981042500445582721e-01 9.948636518301279263e-01 9.977801902231151487e-01 9.964839509373430992e-01 9.971320705802291240e-01 1.006205745580634359e+00
9.988935228530088084e-01 1.010128521576304506e+00 1.008426249042471801e+00 9.995744318665420458e-01 1.002638522427440781e+00 9.975317048259427777e-01 1.003659885947740360e+00 9.975317048259427777e-01 9.922546599710614368e-01 9.893607966635460382e-01 9.920844327176780997e-01
1.010816795843624938e+00 1.009113363427305954e+00 1.000255514862447903e+00 1.003321693211821852e+00 9.982113959628652333e-01 1.004343752661613243e+00 9.982113959628652333e-01 9.929307554722767160e-01 9.900349203645346652e-01 9.927604122306447065e-01 9.978707094796014365e-01
1.006617415356605205e+00 1.012919715696229073e+00 1.016070865866041117e+00 1.007667798746542553e+00 1.006617415356605205e+00 1.010118693323062811e+00 9.880606421343789414e-01 9.829837890830152025e-01 9.833339168796610963e-01 9.856097475578585732e-01 9.842092363712755532e-01
1.015194581885812575e+00 1.018352809067621045e+00 1.009930869916131568e+00 1.008878127522195189e+00 1.012387268835315934e+00 9.902796785626555298e-01 9.851914236586306606e-01 9.855423377899428239e-01 9.878232796434711638e-01 9.864196231182229546e-01 9.930869916131521702e-01
1.020609129914890501e+00 1.012168530632341579e+00 1.011113455722022714e+00 1.014630372089751598e+00 9.924737989730603172e-01 9.873742702398535798e-01 9.877259618766265348e-01 9.900119575156501872e-01 9.886051909685587002e-01 9.952873320672432911e-01 9.921221073362874732e-01
1.015060134730010999e+00 1.014002045638909610e+00 1.017529009275914387e+00 9.953091383627835631e-01 9.901950410891264820e-01 9.905477374528269818e-01 9.928402638168801753e-01 9.914294783620782869e-01 9.981307092723874508e-01 9.949564419990831743e-01 1.001657672909392449e+00
9.892219365291817779e-01 9.915113944559894588e-01 9.901024972702616722e-01 9.967947589024690469e-01 9.936247402345813606e-01 1.000317001866788624e+00 9.996125532739248420e-01 1.004719805572188207e+00 1.015638758761579385e+00 1.018456553133034959e+00 1.015286534465147383e+00
9.889337783242577729e-01 9.875285438257508375e-01 9.942034076936587805e-01 9.910416300720181759e-01 9.977164939399261190e-01 9.970138766906726513e-01 1.002107851747760181e+00 1.012998419111189152e+00 1.015808888108202801e+00 1.012647110486562418e+00 1.014227999297382610e+00
9.999246477281290568e-01 9.889985683068346356e-01 9.905056137442544983e-01 9.814633411197348778e-01 9.874915228694147729e-01 1.002938738602968893e+00 1.024790897445558180e+00 1.025921181523623105e+00 1.007836636274583864e+00 9.901288523848995604e-01 9.810865797603798288e-01
9.908651668428204440e-01 9.923750566208665580e-01 9.833157179525894298e-01 9.893552770647743300e-01 1.004831647289747831e+00 1.026725049071417706e+00 1.027857466404952458e+00 1.009738789068397979e+00 9.919975841763550850e-01 9.829382455080777348e-01 9.757662690623584156e-01
1.007268759132188052e+00 1.012632474522352055e+00 1.020955481162261647e+00 1.006159024913533262e+00 9.954315941332052553e-01 1.000980265226478316e+00 9.954315941332052553e-01 9.902528344461501986e-01 9.902528344461501986e-01 9.806351378844768707e-01 9.839643405404406851e-01
1.014997868041007889e+00 1.023340316271481809e+00 1.008509297195083532e+00 9.977568083646949360e-01 1.003318440518344179e+00 9.977568083646949360e-01 9.925659516879553612e-01 9.925659516879553612e-01 9.829257892882966585e-01 9.862627685804861155e-01 9.877458704881258988e-01
1.015001119486528713e+00 1.004179416374356260e+00 1.009776849018583444e+00 1.004179416374356260e+00 9.989551459064107686e-01 9.989551459064107686e-01 9.892529293230838405e-01 9.926113889096200849e-01 9.941040376147471935e-01 9.929845510859020008e-01 1.001940443316665430e+00
9.870013780773955192e-01 9.929606316808817779e-01 9.955678051324069466e-01 9.963127118328426457e-01 9.989198852843678145e-01 9.963127118328426457e-01 9.959402584826246851e-01 9.985474319341500760e-01 1.017915006145480028e+00 1.020522179597005197e+00 1.027226339900927155e+00
1.016393442622950838e+00 1.005100182149362364e+00 1.001092896174863522e+00 9.992714025500911701e-01 1.002914389799635764e+00 9.930783242258652832e-01 9.930783242258652832e-01 9.908925318761384604e-01 9.963570127504554064e-01 1.001821493624772241e+00 9.989071038251365886e-01
1.006860813079337280e+00 1.002846507554193245e+00 1.001021823224582219e+00 1.004671191883804271e+00 9.948178965039049526e-01 9.948178965039049526e-01 9.926282753083717214e-01 9.981023282972046884e-01 1.003576381286037655e+00 1.000656886358660014e+00 9.971899861323991754e-01
1.002323380087772220e+00 9.947508820239222560e-01 9.956113931675415474e-01 1.006798038034592668e+00 1.003011789002667520e+00 1.006625935805868677e+00 1.003183891231391511e+00 9.954392909388176669e-01 9.954392909388176669e-01 9.968161087686087107e-01 1.000774460029257407e+00
9.949049848526577700e-01 9.957656293032224326e-01 1.006954007160562048e+00 1.003167171578077665e+00 1.006781878270448960e+00 1.003339300468190753e+00 9.955935004131094557e-01 9.955935004131094557e-01 9.969705315340128271e-01 1.000929496006609964e+00 1.004027816028642217e+00
1.006555515408042112e+00 1.002770178427020209e+00 1.006383454636177399e+00 1.002942239198884922e+00 9.951995044649768474e-01 9.951995044649768474e-01 9.965759906398939938e-01 1.000533388392780276e+00 1.003630482286343328e+00 9.902097420809028439e-01 9.793699134534317174e-01
9.992808342322904158e-01 9.989212513484357903e-01 1.003236245954692407e+00 1.003236245954692407e+00 9.953254225098885355e-01 9.935275080906148526e-01 1.002157497303128197e+00 1.001797914419273683e+00 1.000359582883854515e+00 1.002157497303128197e+00 1.001438331535418724e+00
9.987057808455567232e-01 1.003019844693701534e+00 1.003019844693701534e+00 9.951107276387691769e-01 9.933132010353754593e-01 1.001941328731665193e+00 1.001581823410986782e+00 1.000143802128271586e+00 1.001941328731665193e+00 1.001222318090307928e+00 1.002300834052344047e+00
1.001184196361287526e+00 9.932895539527039075e-01 9.914953170416621608e-01 1.000107654214662301e+00 9.997488068324541510e-01 9.983134173036206649e-01 1.000107654214662301e+00 9.993899594502457795e-01 1.000466501596870783e+00 1.015896939031829760e+00 1.028097750026913504e+00
1.010111240525986886e+00 1.012812072719906586e+00 1.009436032477506906e+00 1.012136864671426828e+00 1.004709576138147487e+00 1.004371972113907496e+00 9.883357809625089585e-01 9.831029185867893316e-01 9.874917709019089829e-01 9.874917709019089829e-01 9.868165628534291134e-01
1.016426234510348969e+00 1.008967469614008960e+00 1.008628434845993294e+00 9.925242833652589969e-01 9.872692444610192686e-01 9.916766964452202737e-01 9.916766964452202737e-01 9.909986269091893840e-01 1.008628434845993294e+00 1.003203878557745954e+00 1.005916156701869513e+00
1.010029017970778265e+00 1.009689626499685966e+00 9.935685316228002328e-01 9.883079638208690509e-01 9.927200529450693756e-01 9.927200529450693756e-01 9.920412700028847786e-01 1.009689626499685966e+00 1.004259362962208524e+00 1.006974494730947134e+00 1.011047192384055160e+00
1.000696078756339258e+00 1.002353409128575512e+00 1.002519142165799293e+00 1.004673671649706668e+00 1.012960323510888827e+00 1.002684875203023074e+00 9.968842189001955179e-01 9.937352911929464572e-01 9.947296894162883651e-01 9.887633000762372504e-01 9.993702144585501213e-01
1.002668699961875465e+00 1.004823550862769199e+00 1.013111438943128384e+00 1.002834457723482675e+00 9.970329360672312013e-01 9.938835385966946490e-01 9.948780851663379110e-01 9.889108057484791159e-01 9.995193024913390234e-01 1.002337184438661266e+00 1.000845364584196373e+00
1.005006797307603117e+00 1.013296196823502138e+00 1.003017341423787068e+00 9.972147617626577754e-01 9.940647899466161785e-01 9.950595178885240921e-01 9.890911502370767217e-01 9.997015816174275038e-01 1.002519977452833277e+00 1.001027885539971241e+00 9.934016379853443102e-01
1.014473509494091097e+00 1.004182711459301602e+00 9.983733899880493645e-01 9.952197583322267560e-01 9.962156420130129364e-01 9.902403399282964092e-01 1.000863099190014482e+00 1.003684769618908623e+00 1.002190944097729242e+00 9.945558358783694874e-01 9.892444562475102288e-01
1.006722577209797853e+00 1.000898562300319705e+00 9.977369542066029107e-01 9.987353567625135708e-01 9.927449414270501649e-01 1.003394568690096023e+00 1.006223375931842634e+00 1.004725772097976533e+00 9.970713525026626556e-01 9.917465388711396157e-01 1.004392971246006461e+00
9.970898811008561680e-01 9.980876361519912532e-01 9.921011058451815190e-01 1.002743826390620985e+00 1.005570799035503393e+00 1.004074166458800654e+00 9.964247110667663332e-01 9.911033507940465448e-01 1.003741581441755848e+00 1.009062941714475414e+00 1.004739336492890933e+00
9.835162163476344199e-01 9.848128758286466278e-01 9.964828111577549441e-01 1.008476911357116368e+00 1.007504416746357379e+00 9.987519652495261413e-01 1.000048624730538016e+00 9.971311408982610480e-01 1.010421900578634347e+00 1.012853137105532042e+00 1.008801076227369364e+00
1.003953206938281717e+00 1.002985074626865813e+00 9.942718838241229040e-01 9.955627269060106643e-01 9.926583299717630648e-01 1.005889471561113524e+00 1.008309802339653283e+00 1.004275917708753685e+00 9.937878176684148412e-01 9.983057684550223909e-01 1.002985074626865813e+00
1.003082186254417474e+00 9.943681518178444367e-01 9.956591198825218703e-01 9.927544417369975616e-01 1.005986864399941672e+00 1.008407429521211984e+00 1.004373154319094796e+00 9.938840387935902188e-01 9.984024270199616247e-01 1.003082186254417474e+00 1.002275331213994036e+00
9.944483893873861113e-01 9.957394616228776307e-01 9.928345490930217121e-01 1.006068039506810230e+00 1.008488799948356940e+00 1.004454199212445831e+00 9.939642372990766805e-01 9.984829901232973315e-01 1.003163126976954311e+00 1.002356206829772001e+00 9.921890129752757304e-01
9.959644874899110656e-01 9.930589184826471572e-01 1.006295399515738209e+00 1.008716707021791503e+00 1.004681194511702680e+00 9.941888619854719611e-01 9.987086359967715099e-01 1.003389830508474523e+00 1.002582728006456758e+00 9.924132364810328566e-01 9.969330104923324054e-01
9.929627477564723081e-01 1.006197946930079246e+00 1.008619019949641649e+00 1.004583898250371199e+00 9.940925818322678964e-01 9.986119181354509156e-01 1.003292659306604717e+00 1.002485634966750583e+00 9.923171282845888452e-01 9.968364645877718644e-01 9.995803473432757214e-01
9.724156274936242017e-01 9.872795831833899305e-01 9.885312847151596083e-01 9.940074789166523095e-01 1.006837419617292229e+00 1.002456464256098245e+00 1.001361225415799527e+00 1.014191166116439557e+00 1.016694569179978913e+00 1.016225181105565367e+00 1.021075524541173118e+00
9.824987543597408779e-01 9.837443946188340060e-01 9.891940707523666498e-01 1.001961883408071685e+00 9.976021425012456811e-01 9.965122072745391524e-01 1.009280019930244299e+00 1.011771300448430333e+00 1.011304185351270535e+00 1.016131041355256670e+00 1.020957897359242805e+00
9.799754928572534940e-01 9.854042903010654664e-01 9.981231871694249413e-01 9.937801492143755189e-01 9.926943897256129690e-01 1.005413286593972444e+00 1.007895022568286336e+00 1.007429697073102481e+00 1.012238060523336092e+00 1.017046423973569480e+00 1.005103069597183207e+00
9.829344143084800534e-01 9.956214317763371069e-01 9.912892794702397037e-01 9.902062413937152696e-01 1.002893258861572212e+00 1.005368774465056347e+00 1.004904615289403225e+00 1.009700926771154084e+00 1.014497238252904943e+00 1.002583819411136723e+00 9.937647950737238389e-01
9.945443024280172795e-01 9.902168369318270491e-01 9.891349705577794360e-01 1.001808262368051095e+00 1.004281099794445353e+00 1.003817442776996582e+00 1.008608565290635806e+00 1.013399687804275029e+00 1.001499157689751618e+00 9.926896743582214189e-01 1.004899309151044084e+00
9.870754804281439698e-01 9.997223850211296448e-01 1.002190073722199815e+00 1.001727382090749296e+00 1.006508528949073167e+00 1.011289675807397037e+00 9.994139239334958180e-01 9.906227829359325332e-01 1.002806995897467690e+00 9.986427712144113622e-01 9.833739473765384931e-01
1.000092572592341300e+00 1.002561175054772047e+00 1.002098312093066435e+00 1.006881229364026353e+00 1.011664146634986272e+00 9.997839972845372625e-01 9.909896010121269638e-01 1.003178325670379900e+00 9.990125590150276125e-01 9.837380812787360762e-01 9.903724503965192216e-01
9.885393576380701042e-01 1.003002719740917259e+00 1.006146928893710157e+00 1.009291138046503056e+00 9.982864060117280225e-01 9.979719850964486882e-01 1.003788772029115428e+00 9.954566177742145694e-01 9.973431432658901308e-01 1.000172931503403806e+00 1.006618560266629103e+00
1.001192643274119609e+00 1.004331178206013364e+00 1.007469713137907119e+00 9.964848408762789767e-01 9.961709873830895123e-01 1.001977277007093159e+00 9.936601594375745750e-01 9.955432803967108057e-01 9.983679618354153185e-01 1.004801958445797450e+00 1.013903709748289472e+00
1.003056186819214712e+00 1.006190737403024782e+00 9.952198103596895384e-01 9.949063553013084427e-01 1.000705273881357105e+00 9.923987148342605646e-01 9.942794451845464732e-01 9.971005407099756690e-01 1.003526369406786189e+00 1.012616566099835413e+00 1.009011832928453645e+00
9.936152654514920357e-01 9.989720722155464028e-01 9.855076660248152098e-01 1.000709414949834342e+00 1.003604986173647573e+00 9.975242866036398981e-01 1.011278249916752525e+00 1.010264799988417783e+00 9.946287153798266667e-01 1.003894543296028896e+00 9.996959650214997106e-01
1.000493548614538319e+00 9.803285623633927193e-01 9.851230346189098208e-01 9.917506874427128860e-01 9.913276457731085012e-01 9.941479235704715478e-01 1.004864979200451147e+00 1.019812451526475261e+00 1.010082493125572745e+00 1.022068673764365609e+00 1.030811534936191043e+00
9.788632376284496228e-01 9.816480548052018973e-01 9.922303600768609400e-01 1.006989891113648339e+00 9.973822718538526422e-01 1.009217744855050114e+00 1.017850678102982354e+00 1.011445598596452111e+00 9.976607535715279473e-01 1.006711409395973034e+00 1.018964604973683352e+00
9.852552397045597488e-01 9.972472813496497945e-01 9.838925076994359253e-01 9.887983429178819339e-01 9.843013273009729724e-01 9.931590853342782133e-01 1.014553977814723007e+00 1.006786405385516892e+00 1.022594096644953821e+00 1.023411735848028137e+00 1.011828513804475360e+00
9.792353284235939537e-01 9.841179422495287543e-01 9.796422129090884834e-01 9.884580434281374783e-01 1.009751664835686569e+00 1.002020859611289616e+00 1.017753726383746393e+00 1.018567495354735453e+00 1.007039101599056075e+00 1.013413625205137780e+00 1.012328599910485405e+00
9.808719161879014825e-01 9.764109496451505166e-01 9.851977019263264967e-01 1.006421088205474934e+00 9.987157823589051242e-01 1.014396755660696314e+00 1.015207840486651136e+00 1.003717472118959231e+00 1.010070969922271189e+00 1.008989523487664908e+00 1.018992903007772899e+00
9.940716212246643035e-01 9.864608646887601529e-01 1.001949421849547495e+00 1.002750554116484727e+00 9.914011803348733443e-01 9.976767164258820708e-01 9.966085400699655761e-01 1.006489171362191959e+00 1.001415333671589192e+00 1.021176596256041957e+00 1.015168104254012382e+00
9.843841603155145670e-01 9.998401108564728412e-01 1.000639556574108635e+00 9.893140755742685366e-01 9.955764003624154590e-01 9.945104727389010302e-01 1.004370303256408858e+00 9.993071470447156823e-01 1.019026808079731339e+00 1.013030965197463162e+00 1.012631242338645210e+00
9.970238095238093123e-01 9.978210034013603735e-01 9.865274234693875988e-01 9.927721088435373931e-01 9.917091836734692745e-01 1.001541241496598511e+00 9.964923469387754196e-01 1.016156462585033893e+00 1.010177508503401267e+00 1.009778911564625625e+00 9.958280187074828316e-01
1.001046572475144059e+00 1.010727367870225102e+00 1.002747252747252737e+00 1.004840397697540633e+00 9.857404500261643943e-01 9.922815279958137058e-01 9.972527472527472625e-01 9.934589220303505774e-01 1.001439037153322831e+00 1.010465724751439032e+00 1.013736263736263687e+00
1.009446411539516975e+00 1.001476410102303705e+00 1.003566902282556406e+00 9.844911611377504812e-01 9.910239492010401996e-01 9.959888681291402257e-01 9.921998510524322468e-01 1.000169852489645628e+00 1.009185100016985359e+00 1.012451494048630218e+00 1.029044775729385908e+00
9.995175192666292396e-01 1.001603922437962035e+00 9.825654934995501355e-01 9.890855034099651499e-01 9.940407109418805121e-01 9.902591051938398614e-01 9.982135172845462145e-01 1.007211130960919077e+00 1.010471135916126473e+00 1.027031961088580969e+00 1.028596763467080510e+00
9.986997789624235677e-01 9.797165518138083451e-01 9.862176570016902843e-01 9.911584969444804383e-01 9.873878559355089291e-01 9.953192042647249771e-01 1.004290729424001993e+00 1.007541282017943018e+00 1.024054089195163275e+00 1.025614354440254727e+00 1.033025614354440291e+00
9.763650970534117901e-01 9.828439629927177013e-01 9.877679011065901848e-01 9.840101588617927719e-01 9.919143753077460657e-01 1.000855210303988274e+00 1.004094643273641285e+00 1.020550962759478653e+00 1.022105890584911858e+00 1.029491797755720750e+00 1.010703086531733463e+00
9.794806234584640947e-01 9.843877116181768416e-01 9.806428285489223740e-01 9.885199963842508097e-01 9.974302354110977653e-01 1.000658582884593084e+00 1.017058588049948975e+00 1.018608194837226755e+00 1.025968827076795931e+00 1.007244411730523481e+00 1.028551505055592230e+00
9.795808221642529068e-01 9.758542258317377538e-01 9.836929284622007996e-01 9.925596576671507076e-01 9.957722407124224295e-01 1.012092162582402866e+00 1.013634202444133159e+00 1.020958891787352885e+00 1.002325910124776787e+00 1.023528958223570262e+00 1.013891209087754985e+00
9.725174807263785581e-01 9.803293804267090295e-01 9.891657915631483222e-01 9.923673898009885974e-01 1.008631508849217484e+00 1.010168276003380772e+00 1.017467919985656888e+00 9.988986502061829587e-01 1.020029198575929108e+00 1.010424403862408171e+00 1.009912148144353594e+00
9.805887291820699625e-01 9.799621549142220056e-01 9.931202145390293223e-01 9.898620283462198355e-01 9.962530858782691068e-01 1.010037719770924491e+00 1.010037719770924491e+00 1.013546535670873050e+00 1.008784571235228578e+00 1.017807240692239379e+00 1.019436333788644067e+00
9.761699684180303871e-01 9.892771099377097865e-01 9.860315320375987458e-01 9.923978579185859239e-01 1.006129149034440617e+00 1.006129149034440617e+00 1.009624386773021687e+00 1.004880849842090029e+00 1.013868604027013287e+00 1.015491392977068807e+00 1.018612140957944723e+00
9.836308971456144690e-01 9.972408844017173202e-01 9.972408844017173202e-01 1.000705244794179771e+00 9.960036128329806671e-01 1.004911968127884414e+00 1.006520421167242052e+00 1.009613600089083629e+00 1.002561152147284806e+00 1.001571334892295440e+00 1.011840688912809316e+00
9.972562648618986669e-01 9.975001524297300026e-01 9.926224010731053982e-01 1.005426498384244915e+00 1.001158465947198373e+00 9.977440399975612273e-01 9.993293091884641877e-01 1.001158465947198373e+00 1.003963172977257567e+00 1.003841229193342066e+00 1.004816779464666743e+00
9.967465607369587755e-01 9.918724944252865772e-01 1.004666918493426042e+00 1.000402110470712813e+00 9.969902640525424298e-01 9.985743356038357943e-01 1.000402110470712813e+00 1.003204698599924338e+00 1.003082846942132678e+00 1.004057660204467073e+00 1.009906539778473444e+00
9.905689078186796781e-01 1.003346516580468473e+00 9.990873136598722448e-01 9.956799513233952625e-01 9.972619409796166234e-01 9.990873136598722448e-01 1.001886218436264020e+00 1.001764526924247001e+00 1.002738059020383377e+00 1.008579251597200965e+00 1.012473379981746247e+00
9.962866781545032246e-01 9.928888673154867561e-01 9.944664223478871801e-01 9.962866781545032246e-01 9.990777370579810857e-01 9.989563866708734974e-01 9.999271897677353138e-01 1.005752008348906434e+00 1.009635220736354144e+00 1.006722811445768473e+00 1.006601461058660663e+00
9.848520822451208856e-01 9.847333681561327712e-01 1.004914763284106449e+00 1.001946911059404588e+00 9.971983474998812325e-01 1.005508333729046910e+00 1.012037608623391316e+00 1.007882615508808533e+00 1.006101904173987371e+00 9.948240657201196102e-01 9.693005365876822266e-01
9.989641254003593929e-01 9.894388417255050028e-01 9.906295021848617877e-01 1.005512757926821932e+00 9.947968137926106458e-01 1.003250503054043952e+00 1.015038041601676211e+00 1.014442711371997818e+00 9.990831914462950936e-01 9.888435114958266103e-01 9.989641254003593929e-01
9.888634013573099901e-01 1.003720123132509912e+00 9.930232834543659681e-01 1.001461901422679546e+00 1.013228425068637861e+00 1.012634156197629975e+00 9.973020193256235677e-01 9.870805947442859996e-01 9.971831655514219461e-01 1.005502929745534013e+00 9.965888966804139493e-01
1.016151141307586769e+00 1.015555158233506061e+00 1.000178794922224279e+00 9.899278860480361653e-01 1.000059598307408093e+00 1.008403361344537785e+00 9.994636152333272738e-01 1.002443530603730704e+00 9.987484355444304907e-01 9.690684784552118236e-01 9.547648846772751607e-01
9.860896445131375199e-01 9.930139103554869173e-01 9.977125193199380959e-01 1.002163833075734090e+00 9.996908809891807968e-01 9.996908809891807968e-01 1.002782071097372496e+00 1.001545595054095905e+00 1.010819165378670892e+00 1.006491499227202491e+00 1.013292117465224074e+00
9.967901022001942613e-01 9.943304103995769250e-01 9.943304103995769250e-01 9.974050251503486786e-01 9.961751792500399549e-01 1.005399023502355105e+00 1.001094562851274627e+00 1.007858715302972552e+00 1.002447393341614257e+00 1.004169177602046492e+00 1.013393021854361642e+00
9.926822680057951764e-01 9.926822680057951764e-01 9.957517864597401624e-01 9.945239790781621458e-01 1.003732534439996993e+00 9.994352086044741013e-01 1.006188149203153026e+00 1.000785796724209975e+00 1.002504727058419087e+00 1.011713282420253934e+00 1.013309432016305189e+00
1.000358980495392958e+00 1.002393203302620606e+00 9.900682062941246198e-01 1.000358980495392958e+00 9.991623788440827658e-01 9.998803398348689031e-01 1.011008735192054475e+00 1.008615531889433869e+00 9.925810697618762113e-01 9.955725738901519684e-01 1.000119660165130986e+00
1.002417193183994026e+00 9.900919012062033842e-01 1.000382921692513971e+00 9.991862914034080889e-01 9.999042695768716182e-01 1.011032931265556156e+00 1.008639670687344392e+00 9.926048248133256813e-01 9.955964005360904423e-01 1.000143595634692684e+00 1.001459888952709099e+00
9.901866921972235502e-01 1.000478697941598716e+00 9.992819530876017042e-01 1.000000000000000000e+00 1.011129727142173307e+00 1.008736237434179062e+00 9.926998563906175299e-01 9.956917185256103364e-01 1.000239348970799247e+00 1.001555768310196104e+00 9.962900909526088977e-01
9.941118417404996022e-01 9.907851986560360924e-01 9.952207227686540314e-01 1.001319568423503670e+00 1.002982889965735591e+00 1.005311540124860015e+00 9.991018063671948113e-01 1.005311540124860015e+00 9.957751632827313015e-01 1.010079728545924205e+00 1.002872001862920026e+00
9.935241047213150267e-01 9.996125532739248420e-01 1.001273039242818408e+00 1.003597719599269356e+00 9.973985719820667173e-01 1.003597719599269356e+00 9.940776000442795857e-01 1.008357779376764185e+00 1.001162340178225474e+00 9.973985719820667173e-01 9.737089721591852820e-01
9.891496925553227015e-01 9.890338941834477815e-01 9.889180958115728615e-01 1.005593061361557128e+00 1.005708859733432048e+00 1.004550876014683070e+00 1.006403649964681568e+00 1.008024827170930005e+00 1.001424319974061117e+00 1.001192723230311277e+00 9.956344013803164472e-01
9.883929501348178714e-01 9.882772268061520426e-01 1.004941386134030834e+00 1.005057109462696774e+00 1.003899876176038486e+00 1.005751449434691747e+00 1.007371576036013128e+00 1.000775346302061219e+00 1.000543899644729562e+00 9.949891798687697797e-01 1.003552706190041111e+00
9.867812904418562514e-01 1.003420225550009315e+00 1.003535773710482637e+00 1.002380292105749637e+00 1.004229062673322348e+00 1.005846736919948192e+00 9.992604917729709380e-01 9.990293954520245157e-01 9.934830837493067168e-01 1.002033647624329893e+00 1.003535773710482637e+00
1.001741858828686382e+00 1.001857213718003514e+00 1.000703664824833528e+00 1.002549343053905417e+00 1.004164311504343043e+00 9.975890828132749633e-01 9.973583730346411436e-01 9.918213383474258071e-01 1.000357600156882798e+00 1.001857213718003514e+00 1.015699800436041578e+00
1.000460776408247821e+00 9.993088353876281582e-01 1.001151941020619773e+00 1.002764658449487367e+00 9.961985946319548146e-01 9.959682064278309044e-01 9.904388895288560590e-01 9.989632530814422928e-01 1.000460776408247821e+00 1.014284068655684878e+00 1.014284068655684878e+00
9.979293684573795620e-01 9.997699298285978031e-01 1.001380421028413625e+00 9.948234211434487939e-01 9.945933509720465970e-01 9.890716668583917626e-01 9.975842632002761556e-01 9.990797193143909904e-01 1.012883929598527688e+00 1.012883929598527688e+00 1.016910157598067466e+00
9.874804026266160717e-01 9.879348344731998521e-01 9.931608007089136603e-01 1.012474154188725661e+00 1.012928586035309442e+00 1.004748812796800728e+00 1.013155801958601110e+00 9.995228465610869195e-01 9.981595510213355782e-01 9.904342096294107556e-01 9.949785280952487820e-01
9.805008863233486416e-01 9.976819235489294835e-01 9.857733739375481585e-01 9.974092086723329587e-01 9.959547293304846782e-01 1.011772192173082896e+00 1.021408117812826477e+00 1.007408754147538721e+00 9.883187127857823162e-01 1.013772101268124004e+00 1.006136084723421531e+00
9.814640503946129302e-01 9.930490188979798072e-01 9.916008978350587810e-01 1.007349214394323234e+00 1.016943016436173908e+00 1.003004851205560710e+00 9.839982622547244207e-01 1.009340380855839436e+00 1.001737745275504965e+00 1.011512562450220587e+00 1.010607486785895182e+00
9.893690610550843756e-01 9.931918301962356921e-01 9.828157425273965631e-01 9.933738668220047918e-01 1.004114027742381898e+00 1.007572723631994904e+00 1.009939199766993090e+00 1.007390687006225694e+00 1.008482906760840514e+00 1.003749954490843699e+00 1.001383478355845291e+00
9.809051434385276380e-01 9.914427426827275847e-01 1.002162024672516916e+00 1.005613996838720325e+00 1.007975872531385653e+00 1.005432314093130497e+00 1.006522410566668579e+00 1.001798659181337481e+00 9.994367834886721536e-01 9.987100525063136169e-01 1.017423375302047628e+00
9.878353426740524856e-01 9.985156221715362213e-01 1.001955034213098727e+00 1.004308316136273138e+00 1.001774012526700730e+00 1.002860142645088937e+00 9.981535787987401154e-01 9.958002968755658157e-01 9.950762101299737150e-01 1.013721443828970781e+00 1.025487853444842834e+00
9.596938203596648842e-01 9.825932390667285743e-01 9.947635594984547414e-01 1.024068410011689911e+00 9.846750044037342331e-01 1.014620398097586751e+00 9.941230163178373935e-01 1.008535237881723612e+00 1.022467052060146875e+00 1.014460262302432358e+00 1.047288100309061942e+00
1.000892116507285490e+00 9.623902461928535157e-01 9.916579280985396982e-01 9.716244346015994182e-01 9.857104847166354711e-01 9.993269998278370148e-01 9.915014164305947508e-01 1.023586308359287989e+00 1.029220728405302543e+00 1.044089336860062778e+00 1.043932825192118052e+00
9.810536838323729025e-01 9.890195710916391825e-01 9.837089795854615515e-01 9.735563781765929070e-01 1.000577917310966569e+00 1.016041110226012734e+00 1.029786170594942485e+00 1.037752057854208765e+00 1.003389406931884054e+00 9.851147243959204047e-01 1.002296049857082760e+00
9.869231128914105478e-01 9.816237784254742138e-01 9.714926978288315196e-01 9.984569584937422748e-01 1.013887373556321192e+00 1.027603298056391168e+00 1.035552299755295502e+00 1.001262488505120229e+00 9.830265434311633577e-01 1.000171449056250994e+00 9.800651506413753378e-01
9.822974342977461859e-01 9.721594010761911431e-01 9.991421664197146502e-01 1.014583170864852280e+00 1.028308508149418987e+00 1.036262964984792978e+00 1.001949621773375876e+00 9.837011619745770208e-01 1.000857833580285572e+00 9.807377368790454186e-01 9.670123995944787110e-01
9.736476248496492847e-01 1.000671696580595960e+00 1.016136338785010196e+00 1.029882687411156406e+00 1.037849321274036507e+00 1.003483449708671094e+00 9.852070543761815014e-01 1.002389990158864208e+00 9.822390927409906380e-01 9.684927441148445393e-01 9.561522720527361185e-01
1.002425475314920655e+00 1.017917220874736017e+00 1.031687661372349574e+00 1.039668257569830168e+00 1.005242156325796055e+00 9.869337297551054045e-01 1.004146780377122461e+00 9.839605664658477302e-01 9.701901259682341738e-01 9.578280259760583171e-01 9.681558563492685954e-01
1.021417580001884318e+00 1.035235373551486981e+00 1.043243412995006780e+00 1.008698929121000010e+00 9.903275445152782686e-01 1.007599786452281654e+00 9.873441572716139536e-01 9.735263637220112898e-01 9.611217536036179565e-01 9.714850987658200099e-01 9.763527305844299509e-01
9.770958492626981018e-01 9.776078645548880175e-01 9.866534680502458965e-01 1.006110049153468022e+00 1.016350354997269223e+00 1.006792736209721539e+00 1.005939377389404754e+00 1.021982523211359961e+00 1.009352812670671895e+00 9.921149645002730333e-01 9.960404150737303119e-01
9.929764704074263149e-01 9.875973996034856928e-01 9.942059723054698095e-01 1.003119861066285701e+00 1.010035809242780580e+00 9.957428496780241778e-01 9.962039128897907103e-01 1.004195675227073759e+00 1.000968232744709363e+00 1.014953816834954781e+00 1.024021393333025998e+00
9.845408999678255668e-01 9.911290199022507741e-01 1.000015321209150043e+00 1.006909865326571785e+00 9.926611408172333340e-01 9.931207770917281907e-01 1.001087805849637746e+00 9.978703519281741929e-01 1.011812652254515887e+00 1.020852165652913257e+00 1.013804409443993526e+00
9.882370913534982426e-01 9.970974641002139371e-01 1.003971891231286273e+00 9.897647418270698605e-01 9.902230369691414902e-01 9.981668194317139253e-01 9.949587534372135167e-01 1.008860372746715584e+00 1.017873510540788118e+00 1.010846318362358831e+00 1.014589062022609234e+00
9.803461913656336124e-01 9.882107396456416559e-01 9.850346720710229098e-01 9.987976315610372913e-01 1.007720869032584954e+00 1.000763768631039330e+00 1.004469180801427886e+00 1.011501901859511943e+00 1.011804384485666120e+00 1.011350660546435076e+00 1.015131693373362065e+00
9.921523832129240938e-01 9.924490794997701260e-01 9.920040350695012998e-01 9.957127386550759240e-01 9.767241762969337548e-01 1.007135545698645718e+00 1.004910323547300921e+00 1.012476078861873185e+00 1.019151745315907576e+00 1.007283893842068734e+00 9.933391683603081113e-01
9.880291970802916879e-01 9.861313868613137412e-01 1.000145985401459825e+00 1.007737226277372056e+00 1.003795620437956115e+00 1.006277372262773584e+00 9.962043795620435516e-01 1.008905109489050878e+00 1.005547445255474237e+00 9.972262773722626594e-01 1.000583941605839300e+00
9.898261975413308322e-01 9.831647792648214867e-01 9.923999273299822788e-01 9.989099497365709901e-01 1.003906013443953249e+00 1.000272512565857141e+00 1.009810452370859091e+00 1.009659056500938457e+00 1.006176951492763205e+00 1.005874159752921715e+00 1.018137225216495967e+00
9.803891966968100169e-01 9.895982729207868367e-01 9.960899168163770412e-01 1.001071876085085854e+00 9.974486329805704043e-01 1.006959646129923502e+00 1.006808677667235363e+00 1.003336403025407941e+00 1.003034466100031663e+00 1.015262911577771376e+00 1.022811334712178555e+00
9.854179194227299377e-01 9.918821407095609333e-01 9.968430547203848135e-01 9.932351172579675369e-01 1.002705953096812985e+00 1.002555622369212251e+00 9.990980156343955976e-01 9.987973541791941301e-01 1.010974143114852675e+00 1.018490679494888695e+00 1.027209861695730364e+00
9.883227965786537395e-01 1.000371885459278465e+00 1.007809594644849316e+00 1.016437337300111432e+00 1.013015991074748934e+00 1.014206024544440199e+00 1.003941985868352482e+00 9.837114168835997541e-01 9.832651543324656407e-01 9.889178133134993720e-01 9.862402380066939145e-01
1.008860099769190777e+00 1.017496835678653788e+00 1.014071923162832345e+00 1.015263197081378799e+00 1.004988459533914025e+00 9.847368029186210903e-01 9.842900751991662256e-01 9.899486263122626584e-01 9.872682599955328042e-01 9.930757203484475992e-01 9.896508078326261559e-01
9.912415747053572312e-01 9.894303789280307626e-01 9.754582972172269884e-01 9.823149669456769928e-01 9.877485542776562877e-01 9.947345951330581748e-01 1.015563346572311954e+00 1.023325614189425137e+00 1.010647243748140411e+00 1.029535428283115728e+00 1.018150769111349607e+00
9.803510933169078401e-01 9.695103172158915372e-01 9.942716353557129461e-01 9.930397289805975580e-01 1.014844471820141703e+00 1.024699722821065473e+00 1.023960578995996462e+00 1.024083769633507890e+00 9.894672004927625997e-01 9.857714813674161025e-01 9.995688327687095587e-01
9.944978852416065385e-01 1.014834499881473784e+00 9.943731207346134804e-01 9.912540080597871395e-01 9.872615438360095030e-01 1.000361817070279713e+00 1.000361817070279713e+00 9.934997691856619628e-01 1.011091564671682264e+00 1.012463974248605680e+00 1.006350513405946279e+00
9.853408076198035825e-01 9.813721599365016202e-01 9.943942851473360767e-01 9.943942851473360767e-01 9.875731719416609433e-01 1.005060025796209899e+00 1.006424248437345126e+00 1.000347256672289076e+00 1.022670899890862239e+00 1.022422859410655915e+00 1.040033733505308255e+00
9.760339447164899651e-01 9.889852355284742824e-01 9.889852355284742824e-01 9.822012260555301744e-01 9.995929594316232958e-01 1.000949761326212162e+00 9.949058256139529099e-01 1.017108038434497264e+00 1.016861347180935571e+00 1.034376426183809761e+00 1.027715762337646277e+00
9.668880605170172560e-01 9.840086452881964263e-01 9.853442937455224593e-01 9.793945869810701810e-01 1.001250652646405337e+00 1.001007807472345856e+00 1.018249814830554767e+00 1.011692995130954342e+00 1.011814417717983750e+00 1.040348725669949070e+00 1.047876926065786751e+00
9.701982259232441175e-01 9.926004706734250504e-01 9.927136133236785787e-01 1.010024438812454850e+00 1.013079290369297780e+00 1.023714699493120994e+00 1.012061006517016803e+00 9.924873280231717443e-01 9.927136133236785787e-01 1.000407313540912613e+00 9.798153511947864658e-01
9.916467915314970405e-01 9.917598254755904952e-01 1.009054018921882401e+00 1.012105935412404456e+00 1.022731126157185200e+00 1.011088629915563919e+00 9.915337575874036968e-01 9.917598254755904952e-01 9.994461336739425272e-01 9.788739558489416570e-01 1.006341204263640599e+00
9.903046309777762124e-01 1.007573448910258573e+00 1.010620887368931964e+00 1.021230487928757702e+00 1.009605074549374093e+00 9.900788947956523645e-01 9.903046309777762124e-01 9.979796611699907061e-01 9.774376685967109957e-01 1.004864614724771066e+00 1.003510197632027534e+00
9.815545344199758659e-01 9.804707820357205783e-01 9.838304144269117701e-01 9.778697763135079102e-01 9.818796601352524078e-01 1.004855210681463662e+00 1.023604126929079428e+00 1.023604126929079428e+00 1.024254378359632511e+00 1.018076989769377549e+00 1.027939136466100356e+00
9.737104611127201936e-01 9.678111357810171844e-01 9.717797728223446230e-01 9.945189904645452827e-01 1.013075050144265576e+00 1.013075050144265576e+00 1.013718612907724026e+00 1.007604766654868200e+00 1.017365468567322129e+00 1.027340691400929096e+00 1.039353862985487931e+00
9.614995258037359882e-01 9.654422812569931622e-01 9.880332043945739828e-01 1.006468250162505518e+00 1.006468250162505518e+00 1.007107615911682297e+00 1.001033641294502452e+00 1.010730688490350859e+00 1.020640857602591600e+00 1.032575684920558956e+00 1.035879074624639129e+00
9.583143821199266998e-01 9.807385155646756170e-01 9.990374546493054897e-01 9.990374546493054897e-01 9.996720999354776760e-01 9.936429697168422948e-01 1.003268423223786510e+00 1.013105425159454454e+00 1.024952137168001043e+00 1.028231137813223839e+00 1.040183624036132404e+00
1.004045044312545931e+00 9.936783478331573383e-01 9.889015367103017873e-01 9.889015367103017873e-01 9.889015367103017873e-01 9.991665989104806522e-01 1.011159443857224227e+00 1.009025123993820827e+00 1.018680380518741435e+00 9.975404504431255592e-01 9.589194243434426834e-01
1.011471004651969041e+00 1.008466005952208810e+00 1.014996099280534025e+00 1.017249848305354032e+00 1.011355427778901417e+00 9.916495709208587028e-01 9.976017798838452411e-01 9.719437140628160998e-01 9.900314946979109632e-01 9.852350544656014453e-01 9.480193013378023226e-01
9.774276095745784154e-01 9.929232800624191446e-01 9.919957223219497688e-01 9.996344331258150140e-01 9.958696399439100899e-01 1.005963650649017715e+00 1.009892130491005569e+00 1.009783006050950283e+00 1.015621163593904308e+00 1.000889364186450026e+00 1.009019134970563725e+00
9.859544468546637130e-01 9.935466377440346220e-01 9.898047722342733223e-01 9.998373101952278130e-01 1.003741865509761411e+00 1.003633405639913212e+00 1.009436008676789731e+00 9.947939262472885735e-01 1.002874186550976043e+00 1.016377440347071559e+00 1.034056399132321058e+00
9.887903630583904091e-01 9.850664104875139770e-01 9.950509210036321273e-01 9.989367845558512204e-01 9.988288439016228537e-01 1.004603668902837255e+00 9.900316805820159605e-01 9.980732593220246196e-01 1.011511870773448729e+00 1.029106197412662516e+00 1.032290446712397447e+00
9.807999226193355735e-01 9.907411885455122968e-01 9.946102217708351345e-01 9.945027486256872162e-01 1.000252561891097569e+00 9.857436872961370389e-01 9.937504366096522324e-01 1.007130843180560342e+00 1.024648965839660919e+00 1.027819423621522787e+00 1.029377784226166437e+00
9.859516462830955064e-01 9.898019754327609387e-01 9.896950218452702508e-01 9.954170387760231664e-01 9.809783044647775174e-01 9.889463467328352131e-01 1.002262068375428417e+00 1.019695503136413883e+00 1.022850633967389955e+00 1.024401460986005041e+00 1.017289047417873071e+00
9.867098830917514496e-01 9.866032636219700391e-01 9.923074052552737223e-01 9.779137768347878623e-01 9.858569273335003880e-01 9.991310513212818822e-01 1.016510024895646236e+00 1.019655299254196956e+00 1.021201281566026742e+00 1.014111086825565167e+00 1.010752573527451847e+00
9.842368933278023979e-01 9.899273535637171939e-01 9.755682482955210233e-01 9.834923471287106977e-01 9.967346330982693736e-01 1.014071923162832123e+00 1.017209653573289962e+00 1.018751927842836746e+00 1.011678738951466094e+00 1.008328281055553610e+00 1.019815565270110636e+00
9.864178099977213288e-01 9.721096113999248001e-01 9.800056172927827935e-01 9.932009559996396453e-01 1.010476780973275535e+00 1.013603387333534833e+00 1.015140193849594308e+00 1.008092081206976021e+00 1.004753501534156879e+00 1.016200060412393968e+00 1.037609364980949023e+00
9.671585762565312328e-01 9.750143671343235452e-01 9.881425008831175028e-01 1.005330338642582699e+00 1.008441020936473587e+00 1.009970000369064147e+00 1.002957784350631876e+00 9.996362083419010336e-01 1.011024468943264365e+00 1.032324734142110900e+00 1.027263284985949321e+00
9.913033563447145591e-01 9.928063519704789508e-01 9.859133030661109132e-01 9.826481746377261350e-01 9.938429006779027075e-01 1.014781184567862704e+00 1.009805750772228672e+00 1.016698799676596598e+00 9.973153388477723480e-01 1.014884839438605191e+00 9.902149802019195590e-01
9.929144184069622625e-01 9.860206191979350443e-01 9.827551353620800345e-01 9.939510799421543696e-01 1.014891642953034134e+00 1.009915667584112331e+00 1.016809466793139549e+00 9.974238960850477786e-01 1.014995309106553334e+00 9.903227645689821612e-01 9.848802915092237376e-01
9.771957861093004682e-01 9.818743823201631082e-01 1.002533801543411096e+00 1.005425068864730820e+00 1.016096473705238035e+00 1.012416678932649194e+00 1.012206404945644289e+00 1.003480034484933947e+00 9.943856845469646322e-01 9.943856845469646322e-01 9.954370544819900468e-01
1.002027526156135107e+00 1.012662870075914379e+00 1.008995510103576798e+00 1.008785946676586054e+00 1.000089064456471055e+00 9.910254462391222541e-01 9.910254462391222541e-01 9.920732633740758644e-01 1.000089064456471055e+00 9.932258622225248468e-01 9.788707674736605302e-01
9.775988288485091271e-01 9.784788489750870788e-01 9.810671434650222178e-01 9.882108362572432636e-01 9.841730968529444068e-01 9.898673447308018458e-01 1.012799633911627195e+00 1.028101630936123945e+00 1.029302599579453803e+00 1.030400036443186451e+00 1.032408552967376103e+00
9.920160277495363443e-01 9.939497239000855133e-01 9.889958734525444717e-01 9.933217710264534706e-01 1.002332396387775715e+00 9.969599106911466446e-01 1.004276060044255514e+00 1.013884735761417577e+00 1.009997408448457756e+00 1.004266092538324884e+00 1.000398700237226324e+00
9.931172262551278829e-01 9.881675249800568883e-01 9.924897993329356849e-01 1.001492877708517470e+00 9.961248918186518253e-01 1.003434913420064412e+00 1.013035541245352888e+00 1.009151469822259006e+00 1.003424954262569280e+00 9.995608011544656613e-01 1.010396364509148048e+00
9.864630019207902834e-01 9.907778206387521935e-01 9.997653693047375834e-01 9.944066428324299656e-01 1.001704055134236437e+00 1.011288122516990962e+00 1.007410750857992809e+00 1.001694113155623622e+00 9.978366254538513225e-01 1.008653498184594710e+00 1.002549123316325952e+00
9.891866030607848748e-01 9.981597174660084004e-01 9.928095972620091247e-01 1.000095289710497992e+00 1.009663964806333691e+00 1.005792820317354508e+00 1.000085363698987706e+00 9.962340712330289838e-01 1.007033571756129842e+00 1.000939000688865210e+00 9.866951741717239210e-01
9.984084638349967067e-01 9.930570103544172911e-01 1.000344518433722074e+00 1.009915578091010735e+00 1.006043468893559778e+00 1.000334589948600250e+00 9.964823377213929412e-01 1.007284529533768458e+00 1.001188439669063790e+00 9.869410635194693082e-01 9.842206585961321696e-01
9.944679421023016053e-01 1.001765804246282254e+00 1.011350462429929875e+00 1.007472851753972831e+00 1.001755861654805235e+00 9.978981361618018964e-01 1.008715675688574454e+00 1.002610924521811331e+00 9.883433057525847776e-01 9.856190356879379610e-01 9.854698968157858951e-01
1.006388928687032891e+00 1.018584848758209649e+00 9.978279057509202854e-01 1.006733845933425631e+00 1.010457183388077995e+00 1.000171574220000803e+00 1.002037664963306263e+00 1.006893038508684057e+00 9.834563538178802133e-01 9.674486559724634338e-01 9.667765095435950640e-01
1.022635756379486782e+00 1.001796263097936901e+00 1.010737622166756777e+00 1.014475767318666843e+00 1.004149252326573816e+00 1.006022764504846734e+00 1.010897447850211517e+00 9.873675555638429246e-01 9.712961951720214815e-01 9.706213756196576670e-01 9.753362332815677105e-01
1.007305574549249627e+00 9.967790693489761988e-01 9.974538453233526836e-01 1.006747759743765069e+00 1.002690106884514432e+00 9.926764314247669141e-01 9.878000503832727874e-01 9.964731709072587318e-01 1.005506171950912186e+00 1.006567819483931370e+00 1.020675135854896221e+00
9.954481987769618900e-01 9.961220738099817451e-01 1.005403579264775527e+00 1.001351344066216065e+00 9.913510385762008825e-01 9.864811683375773743e-01 9.951427087619927336e-01 1.004163649204018904e+00 1.005223879255970232e+00 1.019312359946305868e+00 1.023661100159394044e+00
9.933196309311121963e-01 1.002575024236049162e+00 9.985341894049488687e-01 9.885620183029207864e-01 9.837058487276296725e-01 9.923430211825755576e-01 1.001338582536067001e+00 1.002395829786776327e+00 1.016444674609759069e+00 1.020781180282159362e+00 1.014330180108340640e+00
1.000472975570677603e+00 9.964406129548813995e-01 9.864893500028163453e-01 9.816433621142097721e-01 9.902624254437609741e-01 9.992391262558663056e-01 1.000294156829400594e+00 1.014313546145517275e+00 1.018640959684420588e+00 1.012203484998448699e+00 1.014474483012666628e+00
9.950473966020157990e-01 9.851100474367798787e-01 9.802708351748232740e-01 9.888778473898163224e-01 9.978419970411162021e-01 9.988955524782212603e-01 1.012895339981446652e+00 1.017216702960758612e+00 1.010788229107236535e+00 1.013056051827784909e+00 1.003234772329348656e+00
9.843041606374685060e-01 9.794689071791918833e-01 9.880688782747246712e-01 9.970256946439309820e-01 9.980783882012680408e-01 1.012066722929271689e+00 1.016384550740721870e+00 1.009961335814597572e+00 1.012227303302424941e+00 1.002414058276402065e+00 1.000647674171717849e+00
9.778707228398437756e-01 9.864566614949150658e-01 9.953988631647198160e-01 9.964498390581829623e-01 1.010415349235726623e+00 1.014726131713999058e+00 1.008313397448800330e+00 1.010575667592356730e+00 1.000778434687192187e+00 9.990149327642625643e-01 9.866971390298600042e-01
9.855867416176271600e-01 9.945210574884070232e-01 9.955711065648533697e-01 1.009524301072206809e+00 1.013831282029833858e+00 1.007424202919314338e+00 1.009684478049969858e+00 9.998958849644541402e-01 9.981339382090612666e-01 9.858270070842716226e-01 9.875800551186777465e-01
9.943228577707273752e-01 9.953726975811868494e-01 1.009323111333732648e+00 1.013629233946125474e+00 1.007223431712813477e+00 1.009483256389565486e+00 9.996966140886723862e-01 9.979350184745116037e-01 9.856305400180251919e-01 9.873832386846396192e-01 9.803991348608206424e-01
9.876095003673898143e-01 9.866975401392782397e-01 9.905711997748762876e-01 9.958692544334296626e-01 9.914397333254588718e-01 1.005579459528942232e+00 1.001827394590425913e+00 1.014638264461518169e+00 1.012102146493817134e+00 1.013665506884865675e+00 1.024096594827361706e+00
9.831104557329862770e-01 9.869700328929432720e-01 9.922488267664268946e-01 9.878354089377766600e-01 1.001923730947664515e+00 9.981853064339841763e-01 1.010949603095276927e+00 1.008422705044363266e+00 1.009980381925063453e+00 1.020373548223512561e+00 1.023047560202047901e+00
9.830440396420560001e-01 9.883018354016867013e-01 9.839059733731430057e-01 9.979382545152396533e-01 9.942147007969437400e-01 1.006928223330477268e+00 1.004411376835703029e+00 1.005962857551659706e+00 1.016314681662014774e+00 1.018978056891073791e+00 1.010013946087768844e+00
9.856435639308832597e-01 9.812595256126692700e-01 9.952540636166938848e-01 9.915405252765596700e-01 1.004219851785120188e+00 1.001709774944103293e+00 1.003257082585826021e+00 1.013581063017541917e+00 1.016237274469165897e+00 1.007297274761435046e+00 1.009987870827319556e+00
9.993888075586834230e-01 9.859976946534442233e-01 9.944279352233283964e-01 9.900263769257829916e-01 1.000499329633754764e+00 9.966246613718271474e-01 1.009116008216242255e+00 1.018762148868321171e+00 1.000085923605808391e+00 1.005071113942807459e+00 1.003044613805815999e+00
9.856373647299055962e-01 9.940645244934588343e-01 9.896645747322957432e-01 1.000133700130864112e+00 9.962604478549231812e-01 1.008747229773803822e+00 1.018389845272484884e+00 9.997204451809205139e-01 1.004703813694944881e+00 1.002678054136398433e+00 1.007288682891650078e+00
9.919168936679773063e-01 9.875264497965274835e-01 9.979729571297007995e-01 9.941080728377064135e-01 1.006567877636793007e+00 1.016189660706821041e+00 9.975605949981281029e-01 1.002533197172974733e+00 1.000511814175069514e+00 1.005112481878301267e+00 1.015324508783717716e+00
1.001240189872908637e+00 1.010811045571749833e+00 9.922805821010519667e-01 9.972268646681003990e-01 9.952161806977555258e-01 9.997924974142602395e-01 1.009950472832442436e+00 9.964547620234879277e-01 9.977174715568644103e-01 9.993099332613775143e-01 9.645813997255816563e-01
9.872969271521008228e-01 9.824174382273105355e-01 9.951697160055438252e-01 9.963178310466710430e-01 1.004641665094842651e+00 1.004108611682890784e+00 1.007798981457942222e+00 1.010095211540196436e+00 1.006814882851261750e+00 1.005338734941241263e+00 1.008865088281845956e+00
9.803031046955041905e-01 9.930279373496342377e-01 9.941735814471122090e-01 1.002479501153827224e+00 1.001947594965712618e+00 1.005630022421891701e+00 1.007921310616847643e+00 1.004648041766910582e+00 1.003175070784438905e+00 1.006693834798121134e+00 1.014263269013600421e+00
9.896670119151501632e-01 9.908087785543601145e-01 9.990865866886318170e-01 9.985564807489987205e-01 1.002226444946459072e+00 1.004509978224878974e+00 1.001247787827136415e+00 9.997798021481522079e-01 1.003286656825725487e+00 1.010830472120505030e+00 1.008995490021775021e+00
9.953282417939551818e-01 9.948001299967501598e-01 9.984562885927853459e-01 1.000731231719207193e+00 9.974813129671759038e-01 9.960188495287618515e-01 9.995125121871953899e-01 1.007027949301267489e+00 1.005199870003250062e+00 1.005443613909652312e+00 1.002437439064023383e+00
9.940934093815333439e-01 9.977469705888324381e-01 1.000020297562262739e+00 9.967726876002193093e-01 9.953112631172996716e-01 9.988024438264965221e-01 1.006312541863722210e+00 1.004485761260072829e+00 1.004729332007225917e+00 1.001725292792335686e+00 1.012483000791605026e+00
9.959155226348120893e-01 9.981846767265831755e-01 9.949430280240529889e-01 9.934842861079145049e-01 9.969690584631343278e-01 1.004465371087735148e+00 1.002641943692561988e+00 1.002885067345251846e+00 9.998865422954114068e-01 1.010624503622542303e+00 1.008428286626578130e+00
9.969372326958504393e-01 9.936996351227536106e-01 9.922427162148600432e-01 9.957231336059391147e-01 1.003210077993725635e+00 1.001388929358858704e+00 1.001631749176840946e+00 9.986369714217262494e-01 1.009361513382609488e+00 1.007168041026836436e+00 1.012226787234800307e+00
9.921826320761807372e-01 9.907279373317504634e-01 9.942030414434450680e-01 1.001678556102323148e+00 9.998601876717853054e-01 1.000102636795856981e+00 9.971124309323057266e-01 1.007820600578806847e+00 1.005630476824692199e+00 1.010681500242853081e+00 1.006810395895174626e+00
9.892808406829338708e-01 9.927508689192798830e-01 1.000215464543977806e+00 9.983997520947269777e-01 9.986418470879603326e-01 9.956560088380811413e-01 1.006348537705891610e+00 1.004161612933682779e+00 1.009205258626046264e+00 1.005339808567419002e+00 1.008365995982837049e+00
9.908597976075029790e-01 9.983101740730121465e-01 9.964979203381585382e-01 9.967395541694723526e-01 9.937594035832686412e-01 1.004431564466295335e+00 1.002248805523427100e+00 1.007282843675798123e+00 1.003424756835820997e+00 1.006445179727243788e+00 1.011157039437863059e+00
9.962879842580953937e-01 9.944794014475095700e-01 9.947205458222543317e-01 9.917464318670685675e-01 1.002396975084963282e+00 1.000218637566435476e+00 1.005242478706951825e+00 1.001392206856860145e+00 1.004406511541170000e+00 1.009108826848693408e+00 1.008546156640955482e+00
9.858135236165213033e-01 9.907515340882140364e-01 9.906348881715599797e-01 9.935899180601319713e-01 9.999665615038927369e-01 1.003808100359036226e+00 1.004196920081216859e+00 1.007937365808593722e+00 1.006109913114344945e+00 1.017191275196490219e+00 1.018241088446377729e+00
1.007560731848838209e+00 1.001074431400754028e+00 9.835717159059236270e-01 9.807036238710564735e-01 9.946469636097953204e-01 9.943454462420272533e-01 1.005692794985104221e+00 1.011553998451230285e+00 1.010031703448108553e+00 1.010818590237161807e+00 1.002177543721856967e+00
1.001613618854838350e+00 9.841014762441899766e-01 9.812318394298399360e-01 9.951826891734488756e-01 9.948810094057863873e-01 1.006234469930253006e+00 1.012098830291886298e+00 1.010575715367346694e+00 1.011363025980514418e+00 1.002717325321895947e+00 1.006175605585343469e+00
9.836527351716620737e-01 9.807844068848703412e-01 9.947288951714265970e-01 9.944273529669177547e-01 1.005775636419531827e+00 1.011637322687667595e+00 1.010114902289293681e+00 1.010901853896182701e+00 1.002260095596233525e+00 1.005716798916213017e+00 1.016631155781851037e+00
9.775605665313698012e-01 9.914592192563780326e-01 9.911586682217127242e-01 1.002469649843383603e+00 1.008312068736754608e+00 1.006794652537347234e+00 1.007579017432693069e+00 9.989656646099690507e-01 1.002411005739058725e+00 1.013289487091332930e+00 1.017702455941783990e+00
9.941519209584135375e-01 1.009786961810336781e+00 1.017138299825575798e+00 1.006229631414669701e+00 9.911324933443493856e-01 9.933486528045530894e-01 9.945105228128153785e-01 1.000212292297805616e+00 1.001539119159092772e+00 9.919501055723856098e-01 9.805322225282290249e-01
1.011164136871097075e+00 1.018525500842068165e+00 1.007601954890997797e+00 9.924842269311011655e-01 9.947034088501547355e-01 9.958668634484937332e-01 1.001576409162563852e+00 1.002905045586592880e+00 9.933029542410432011e-01 9.818694991758862844e-01 9.886850449402292407e-01
1.020820211981069425e+00 1.009872055568552085e+00 9.947202677655613279e-01 9.969444494430549364e-01 9.981105252739740363e-01 1.003832934444224501e+00 1.005164564251138426e+00 9.955408396465782461e-01 9.840816253081644538e-01 9.909125263176838949e-01 9.961454715589067588e-01
1.012370052393950948e+00 9.971807854691029371e-01 9.994104688324177976e-01 1.000579429042311119e+00 1.006315993035306056e+00 1.007650916731789081e+00 9.980033870982869537e-01 9.865158275047677394e-01 9.933636252775377429e-01 9.986095146145280710e-01 1.000261933676661164e+00
9.983896475069155008e-01 1.000622033870141259e+00 1.001792411186784193e+00 1.007535929499937977e+00 1.008872471497338719e+00 9.992132463593677016e-01 9.877117606303852382e-01 9.945678598494834821e-01 9.998201086717010133e-01 1.001474530927942919e+00 1.000455869189383451e+00
1.002002342690365255e+00 1.007747064591629549e+00 1.009083886669282393e+00 9.994226373837595823e-01 9.879187414506614973e-01 9.947762774057558044e-01 1.000029626867666943e+00 1.001684395817842299e+00 1.000665520612712411e+00 9.966695065103233775e-01 1.000593259959866366e+00
1.007889084501952803e+00 1.009226094975442356e+00 9.995634841481146893e-01 9.880579669924637320e-01 9.949164693672833959e-01 1.000170559173915397e+00 1.001825561327586378e+00 1.000806542534278032e+00 9.968099652810902267e-01 1.000734271697873323e+00 9.995418028971932989e-01
1.010069228204254710e+00 1.000398544985312999e+00 9.888834158270821684e-01 9.957476479697714433e-01 1.001006127177079152e+00 1.002662511961774472e+00 1.001642641854167293e+00 9.976427257583746488e-01 1.001570310640861772e+00 1.000376845621321564e+00 1.016651368615052453e+00
9.845583315973690519e-01 9.851982091958942922e-01 9.995954551627102003e-01 9.938721055314575503e-01 9.930544841555641877e-01 1.001778148748790453e+00 1.001522197709380446e+00 1.017298735388572739e+00 1.019509867979031981e+00 1.003612464531229209e+00 1.016623309034573985e+00
9.820492704260508354e-01 9.964004992101509472e-01 9.906954428293112125e-01 9.898804347749053933e-01 9.985762163640861111e-01 9.983210834079243590e-01 1.014047195344673913e+00 1.016251260604849493e+00 1.000404669216578668e+00 1.013373927821469289e+00 1.017130051898295529e+00
9.929172678408366703e-01 9.872321552791391008e-01 9.864199963417535910e-01 9.950853790910740848e-01 9.948311380324142972e-01 1.010502274398137112e+00 1.012698634654892516e+00 9.969074400114690260e-01 1.009831360493340657e+00 1.013574353856942833e+00 1.009690115460751825e+00
9.826206124151747323e-01 9.912526187973721425e-01 9.909993569964274940e-01 1.006610133004655516e+00 1.008798033562816610e+00 9.930676617041421794e-01 1.005941803252162758e+00 1.009670379766070436e+00 1.005801102251637991e+00 1.005238298249538698e+00 9.927159092028301490e-01
9.902529290759856107e-01 9.899999226924940388e-01 1.005594955052713235e+00 1.007780649087876901e+00 9.920661414910088016e-01 1.004927299318499223e+00 1.008652115519903525e+00 1.004786740216559560e+00 1.004224503808800462e+00 9.917147437361593099e-01 9.969154305079315215e-01
9.824784131591144387e-01 9.893925569000875386e-01 9.871822412186574969e-01 9.901178167330567659e-01 1.005313737042887734e+00 1.007765806001974074e+00 1.018402950218855851e+00 1.010563236786283792e+00 1.002916925975837037e+00 1.005866315963245272e+00 1.018126660758676971e+00
9.888439552717112058e-01 9.993916067762643740e-01 1.000940244073046381e+00 9.985392055750943463e-01 1.001558397615879503e+00 9.980902308966156378e-01 1.002898814771917779e+00 1.005111153767320742e+00 1.004213204410362881e+00 1.000413186841788704e+00 1.005143688164311877e+00
9.977652760273885146e-01 9.993113931944860306e-01 9.969142619564228536e-01 9.999285408032014821e-01 9.964660179037770904e-01 1.001266776670521219e+00 1.003475515480660718e+00 1.002579027375368748e+00 9.987851936544234199e-01 1.003507996933750812e+00 9.952901893019086010e-01
9.995587926643919596e-01 9.971610679686722101e-01 1.000176093060308968e+00 9.967127129442694411e-01 1.001514660234612997e+00 1.003723945862105449e+00 1.002827235813299689e+00 9.990324628531364048e-01 1.003756435356627508e+00 9.955365932425749298e-01 9.853998709517277632e-01
9.985749424120562434e-01 1.001594242507060084e+00 9.981259516651699304e-01 1.002934707635445344e+00 1.005147125808508513e+00 1.004249144314735886e+00 1.000448990746886313e+00 1.005179661369877131e+00 9.969481643436274299e-01 9.867970691966317931e-01 9.919181665560455885e-01
1.002261425472910084e+00 9.987908243296302890e-01 1.003602783513277030e+00 1.005816675424562545e+00 1.004918095766452524e+00 1.001115410836479924e+00 1.005849232658551973e+00 9.976122524592105911e-01 9.874543954544892088e-01 9.925789040844351652e-01 9.967983216094732368e-01
9.993367723878409103e-01 1.004151361831706835e+00 1.006366463876246176e+00 1.005467393046403757e+00 1.001662629534606941e+00 1.006399038906312882e+00 9.981575562994243755e-01 9.879941469185975489e-01 9.931214566511042952e-01 9.973431805477555034e-01 9.959163942308318918e-01
1.004494937085870454e+00 1.006710797038307570e+00 1.005811418587024164e+00 1.002005353256955722e+00 1.006743383214078857e+00 9.984990807439814153e-01 9.883321939033872239e-01 9.934612579697638113e-01 9.976844263497030019e-01 9.962571518509274471e-01 1.003126317703482817e+00
9.988347808884158185e-01 9.880348856523765155e-01 9.951580884434277907e-01 9.894346416593516880e-01 9.966822672065783761e-01 1.004222286230817884e+00 1.007662575439072450e+00 1.003649941552410274e+00 1.005174120315561082e+00 1.011146412611988232e+00 1.008178929877200813e+00
9.871125130133474590e-01 9.942290659912675910e-01 9.885109622884845626e-01 9.957518218686389755e-01 1.003284801964044348e+00 1.006721879515825924e+00 1.002712991593766034e+00 1.004235747471137641e+00 1.010202464378389342e+00 1.007237751915098567e+00 1.029469987724723090e+00
9.900355255177194502e-01 9.843415400992734376e-01 9.915518585911099469e-01 9.990530654684540712e-01 1.002475645834106865e+00 9.984836669266095033e-01 1.000000000000000000e+00 1.005941550001856699e+00 1.002989342344684065e+00 1.025127805216185628e+00 1.032331934593436973e+00
9.536644302883638957e-01 9.649963550740370266e-01 9.724568330741582001e-01 1.001457382019424136e+00 1.012877561671029270e+00 1.026333486896800151e+00 1.025633331627072486e+00 1.009394436295578457e+00 1.011459600158387984e+00 1.021726582895147839e+00 1.037106464198236822e+00
9.913152759938496095e-01 1.014037167612517276e+00 1.008375059827910203e+00 9.977458934178844441e-01 9.942480443972538939e-01 1.009962936362316155e+00 1.006736326037954043e+00 1.007804328404511729e+00 9.976215756820946412e-01 9.721533922637073388e-01 9.741311744239992132e-01
9.651088598704078425e-01 9.919174393112525356e-01 9.978864918024048514e-01 1.006266346076391205e+00 1.002615372222579682e+00 1.006990745650560237e+00 1.010861936974918995e+00 1.019624274224066873e+00 1.001068054732154877e+00 9.976604791352640111e-01 1.012357097696003905e+00
9.872528435964283977e-01 9.931938259926631485e-01 1.001534273123687813e+00 9.979004683570587009e-01 1.002255266132939582e+00 1.006108252774380984e+00 1.014829384214290586e+00 9.963604272892970792e-01 9.929688761737766045e-01 1.007596382345476771e+00 9.996020118588929693e-01
9.974633216666559665e-01 9.984636529902677360e-01 9.904899137113043484e-01 9.905708653791109874e-01 1.000857509452552696e+00 9.985503869200608174e-01 9.997473151512031864e-01 1.000094250870374957e+00 1.012537678664667373e+00 1.011225105193801044e+00 1.006905755490113075e+00
9.975217496793872263e-01 9.895555324483265025e-01 9.896364077501645928e-01 9.999133478908877048e-01 9.976084017884996324e-01 9.988042008942498162e-01 9.991508093306991078e-01 1.011582498584682188e+00 1.010271163333448907e+00 1.005955888299654433e+00 9.928540894018694773e-01
9.900176390491097766e-01 9.900985521184197946e-01 1.000380291425757795e+00 9.980742689504189524e-01 9.992706264752188039e-01 9.996173967722621345e-01 1.012054891426220182e+00 1.010742943802405813e+00 1.006425653604214876e+00 9.933177363759732037e-01 9.976697036038683075e-01
9.893415016147140140e-01 9.996153792845363650e-01 9.973111200432439594e-01 9.985065628075234789e-01 9.988530679565899018e-01 1.011281052636442190e+00 1.009970108155807234e+00 1.005656119049929131e+00 9.925582244152149070e-01 9.969068640359997069e-01 9.899363354539449933e-01
1.001029984176802889e+00 1.001377365012149578e+00 1.013836757639917652e+00 1.012522500146189275e+00 1.008197608746123075e+00 9.950666131700180994e-01 9.994262426536190125e-01 9.924380981825614567e-01 9.942271094845968049e-01 9.818777207880219349e-01 9.806445188225411114e-01
9.844486323070743561e-01 1.002515959472329410e+00 9.973538659965422992e-01 1.007326432088171630e+00 1.010932416226330233e+00 1.012129423409121598e+00 1.006294013393014053e+00 1.005770322750543011e+00 9.901793041946872487e-01 9.830496301621870492e-01 9.828401539051986324e-01
1.002677237940457378e+00 9.975143140195086300e-01 1.007488484434907017e+00 1.011095048681134978e+00 1.012292248430920250e+00 1.006455899650717134e+00 1.005932124760186230e+00 9.903385980192331850e-01 9.832077770095747349e-01 9.829982670533623512e-01 9.809405799834189921e-01
1.017641999798170493e+00 1.018846951547383917e+00 1.012972811769968562e+00 1.012445645379687953e+00 9.967511488461833213e-01 9.895741549899310652e-01 9.893632884338187106e-01 9.872922776148582713e-01 9.925639415176668034e-01 9.825477801023305702e-01 9.700840604464046057e-01
1.023186538252349065e+00 1.022654056484144647e+00 1.006801313556453081e+00 9.995519546264677313e-01 9.993389619191859197e-01 9.972470692583821350e-01 1.002571886940428092e+00 9.924547333445407071e-01 9.798653429677034454e-01 9.763281426503441773e-01 9.641951652176822263e-01
9.966603461796780250e-01 1.004078371982378703e+00 9.992821016608820495e-01 9.993283679340797532e-01 9.953417573935431362e-01 9.905377760265134945e-01 1.001356372909246284e+00 1.009969610769554604e+00 1.008959463804737666e+00 9.944858313393853955e-01 9.933060413728436178e-01
1.004415283483723664e+00 9.996174038071408141e-01 9.996636856046640096e-01 9.956757373847390236e-01 9.908701440752356593e-01 1.001692371062768983e+00 1.010308499035024621e+00 1.009298013122432502e+00 9.948195241305579639e-01 9.936393382937136476e-01 9.939787381422177104e-01
9.935269213620930850e-01 1.007174931857210964e+00 1.007112683234656192e+00 1.015485122968263099e+00 1.006233421441071085e+00 9.959001500969911769e-01 1.005579810904246640e+00 9.987402435010491741e-01 9.788206842835455168e-01 9.914260303508721783e-01 9.805013970925222644e-01
1.008488541053919274e+00 1.008426211243518722e+00 1.016809570742386981e+00 1.007545802671611535e+00 9.971990541451273282e-01 1.006891339662406182e+00 1.000042851744650463e+00 9.800973124164878980e-01 9.927190990225908118e-01 9.817802172973014718e-01 9.885118368205564332e-01
1.003009982166057412e+00 9.893480523882149935e-01 9.957876388989759242e-01 9.949483945416838226e-01 1.008941180268073889e+00 1.003389256058295320e+00 1.007448293670967887e+00 9.951582056310068758e-01 9.986846458630901369e-01 1.003284350513633738e+00 1.005737526327256770e+00
9.922285521306150047e-01 9.913923073521193619e-01 1.005335080870498610e+00 9.998030000281429297e-01 1.003847530062597748e+00 9.916013685467433003e-01 9.951152047794604716e-01 9.996984694308308494e-01 1.002142877244895036e+00 1.018835609554096466e+00 1.040843320695852281e+00
1.011010971817519088e+00 1.007675025587333906e+00 1.001864527693443918e+00 1.000196554578351327e+00 1.009249028386083324e+00 9.892020275661923545e-01 9.912458819466576365e-01 1.000314017473780348e+00 9.922325702682617266e-01 9.970093946823764819e-01 9.976750177564742694e-01
9.958658015256435236e-01 1.003541700375743861e+00 1.005191002470826600e+00 1.009349432397764756e+00 9.991253227277737681e-01 1.015282229981498308e+00 1.008653755210739522e+00 9.917308213915263515e-01 9.898235715754117869e-01 9.814363623430719663e-01 1.027921668312060444e+00
1.000335039698308393e+00 1.001979071706287305e+00 1.006124214020242658e+00 9.959327738949534936e-01 1.012038054276431343e+00 1.005430759760953308e+00 9.885619005321678587e-01 9.866607450347896213e-01 9.783003358188604448e-01 1.024637105257006686e+00 1.032015770240683361e+00
9.887205366369842263e-01 1.004709187556853900e+00 9.981497410256252589e-01 9.814030408604014211e-01 9.795156529433969306e-01 9.712157872264061131e-01 1.017217000105198776e+00 1.024542231078162668e+00 1.014873235601705614e+00 1.019653586965265868e+00 1.022360905698673994e+00
1.001340640685939309e+00 9.948031863922272011e-01 9.781126338617004423e-01 9.762315738998303960e-01 9.679595356248856808e-01 1.013806517564397325e+00 1.021107188809851740e+00 1.011470611136337405e+00 1.016234935138123019e+00 1.018933176886706926e+00 1.034436503047856615e+00
9.946956516558027594e-01 9.983823301595624589e-01 1.002918061894490842e+00 9.972055721725038291e-01 9.950159085763313760e-01 9.977194728124216816e-01 1.002888270553046413e+00 1.004437420308161633e+00 1.007639989513447798e+00 9.990973223542309878e-01 9.971459894896146370e-01
9.981377526896854091e-01 1.002672373289372310e+00 9.969612829774514573e-01 9.947721557913957735e-01 9.974750577251991768e-01 1.002642589246024452e+00 1.004191359500104852e+00 1.007393144159982157e+00 9.988525697300302264e-01 9.969017148907559633e-01 9.962688039696174780e-01
1.002859802643827791e+00 9.971476447588901726e-01 9.949581083597094366e-01 9.976615155464528817e-01 1.002830013032954604e+00 1.004379072798361472e+00 1.007581455967231365e+00 9.990392850493389210e-01 9.970880655371436863e-01 9.964550363060881155e-01 9.864457270526901800e-01
9.987870613914033857e-01 9.965939251618372019e-01 9.993017770371177555e-01 1.004478772082420202e+00 1.006030378666603164e+00 1.009238026893519713e+00 1.000681811739395854e+00 9.987273842150885539e-01 9.980933142167446315e-01 9.880675485958707593e-01 9.859340895426194074e-01
9.903893424699675707e-01 9.915128227555276563e-01 1.006834379401554402e+00 1.008214224316034358e+00 1.008681712757005355e+00 1.008681712757005355e+00 1.000636387490612345e+00 9.968436990098291650e-01 9.959011819917419350e-01 9.923045370507208585e-01 9.892583220482628059e-01
9.916249775655575638e-01 1.006948267306946976e+00 1.008328268302357555e+00 1.008795809623207029e+00 1.008795809623207029e+00 1.000749574311168288e+00 9.969564568210508293e-01 9.960138331903058972e-01 9.924167814153832534e-01 9.893702218408158000e-01 9.564010177318815753e-01
1.010507675484234591e+00 1.011892554572182190e+00 1.012361748580120624e+00 1.012361748580120624e+00 1.004287071056405356e+00 1.000480545475872507e+00 9.995345898147062202e-01 9.959248230116958256e-01 9.928674943148064758e-01 9.597817491098556975e-01 9.587071434787708402e-01
9.911550140486599103e-01 9.888240704574947637e-01 9.976753562563783762e-01 9.976517318280896385e-01 9.945805561505409731e-01 9.991951944762933469e-01 9.968800005039876178e-01 1.007235374903927116e+00 1.007652739803696518e+00 1.019149961570929852e+00 1.013377726259024225e+00
9.937157432710135296e-01 9.936922126042799785e-01 9.906332259289121200e-01 9.952295494975416101e-01 9.929235441576490517e-01 1.003237819742542891e+00 1.003653528188169775e+00 1.015105119331854322e+00 1.009355793093278386e+00 1.002453464184756227e+00 9.935510286038783390e-01
9.937085804420857649e-01 9.906495433798907513e-01 9.952459426579579604e-01 9.929398993341496116e-01 1.003254344813088839e+00 1.003670060106156336e+00 1.015121839877450194e+00 1.009372418937478644e+00 1.002469976335602864e+00 9.935673941161382583e-01 9.929242119645999010e-01
9.907272529025870078e-01 9.953240127360053480e-01 9.930177885192392750e-01 1.003333043094231103e+00 1.003748790997253559e+00 1.015201469080514673e+00 1.009451597138713019e+00 1.002548613088528162e+00 9.936453325238014944e-01 9.930020999191252473e-01 9.933237162214633154e-01
9.950656475906213272e-01 9.927600220210770487e-01 1.003072598973290930e+00 1.003488238956916190e+00 1.014937944166218520e+00 1.009189564770041292e+00 1.002288372589092091e+00 9.933874031284360973e-01 9.927443374933930809e-01 9.930658703109145335e-01 9.890506312238168674e-01
9.933575282000981499e-01 1.003676311917606645e+00 1.004092202059833294e+00 1.015548798430603306e+00 1.009796959293771446e+00 1.002891613536047055e+00 9.939852869053458218e-01 9.933418342324670247e-01 9.936635605689062567e-01 9.896459048553213345e-01 9.839725355566454335e-01
9.896961577927259057e-01 9.983737442835606268e-01 9.970119332649259869e-01 1.005214469400423027e+00 1.005143211847122409e+00 1.004668161491784728e+00 1.002870887647423936e+00 1.004406883796348904e+00 9.966318929806557980e-01 9.959826574950277900e-01 9.982470641888039342e-01
9.975207736072347897e-01 9.961601260655768009e-01 1.004355654281609667e+00 1.004284457607918180e+00 1.003809813116642413e+00 1.002014074791314657e+00 1.003548758646440442e+00 9.957804104725560546e-01 9.951317296678121593e-01 9.973942017428945039e-01 1.010478568219070450e+00
9.948709926667521630e-01 1.003055915028497225e+00 1.002984810490605616e+00 1.002510780237995114e+00 1.000717365782284540e+00 1.002250063599058993e+00 9.944917684646635836e-01 9.938439271194290381e-01 9.961034713235400462e-01 1.009170905287175568e+00 1.016360364118438220e+00
9.826252391263216035e-01 9.921152130889563381e-01 9.948330695561032888e-01 1.002063168389977665e+00 1.005847145349762384e+00 1.001695281741109778e+00 1.012964625821738407e+00 1.011057621560259800e+00 9.967475817083752965e-01 1.000051053657393663e+00 9.934441097593569303e-01
9.910430164702600520e-01 9.937579357014127979e-01 1.000980220838429968e+00 1.004760108386775430e+00 1.000612731771229891e+00 1.011869896870568164e+00 1.009964953542632049e+00 9.956703788062304383e-01 9.989702806341510533e-01 9.923704769783099344e-01 9.970578375293335238e-01
1.005524114766048971e+00 9.923666495171451496e-01 9.949623928090138847e-01 1.003985320838533868e+00 1.003013860025708581e+00 1.000798929372467505e+00 1.005889384031671163e+00 1.005034498516385044e+00 9.974959626088618636e-01 9.909288875141638586e-01 9.947758723329515052e-01
9.934344169125811641e-01 9.960329531742210252e-01 1.005065589700460338e+00 1.004093083614517212e+00 1.001875769738567179e+00 1.006971701628908811e+00 1.006115896273279020e+00 9.985692490463605742e-01 9.919951079053852538e-01 9.958462320057199779e-01 9.929442738452657347e-01
9.953202507413831945e-01 9.902657034406756598e-01 9.952381236803673481e-01 9.976198084498292262e-01 1.000083620280306951e+00 1.010207647074633952e+00 9.967014785857420955e-01 1.004160108945279406e+00 1.004712600083022878e+00 1.005690658718757957e+00 1.007251072878060594e+00
9.890856429522753013e-01 9.940521377553530602e-01 9.964309843652356946e-01 9.988918601685624621e-01 1.009003822560414321e+00 9.955137488385411570e-01 1.002963491043157740e+00 1.003515323799055281e+00 1.004492216920982006e+00 1.006050771596422200e+00 1.003224493022298436e+00
9.926486467165394068e-01 9.950241346596350178e-01 9.974815359800786041e-01 1.007579221405901615e+00 9.941081941674696498e-01 1.001547418164812742e+00 1.002098471794245604e+00 1.003073985651754985e+00 1.004630339821369178e+00 1.001808051638193087e+00 9.943390409581779332e-01
9.948559647802226458e-01 9.973129507731688381e-01 1.007408929580547730e+00 9.939401790919427659e-01 1.001378145779679985e+00 1.001929106275067927e+00 1.002904455260146488e+00 1.004460546389012388e+00 1.001638735203174146e+00 9.941709868670376427e-01 9.862267321565114653e-01
