9.893601200535373508e-01 9.869266024037747220e-01 9.997701677775224782e-01 9.993645815025620216e-01 1.003150053402192876e+00 1.003150053402192876e+00 9.993645815025620216e-01 9.963902821528519693e-01 1.009909824651533894e+00 1.012613733151270123e+00 1.018697527275677084e+00
9.840396851073008877e-01 9.968456810093822007e-01 9.964412811387901581e-01 1.000215679930982482e+00 1.000215679930982482e+00 9.964412811387901581e-01 9.934756820877818084e-01 1.006955677774183266e+00 1.009651676911463403e+00 1.015717674970344042e+00 1.011269276393831795e+00
9.914694994366651803e-01 9.952250657224100960e-01 9.952250657224100960e-01 9.914694994366651803e-01 9.885186973550084133e-01 1.001931434089811779e+00 1.004613981436772496e+00 1.010649712967433889e+00 1.006223509844948794e+00 1.014673533987874965e+00 1.011320349804174068e+00
1.006512187467308417e+00 1.011742860131813027e+00 1.013181295114551572e+00 1.007166021550371493e+00 1.002196882519091892e+00 1.002981483418767583e+00 9.922586044565330221e-01 9.885971335913797953e-01 9.875509990584789843e-01 9.878125326917041038e-01 9.854587299926770294e-01
1.013877422652042393e+00 1.015318892427041986e+00 1.009290927913407021e+00 1.004311305054317094e+00 1.005097561295226205e+00 9.943520593361375726e-01 9.906828635452293863e-01 9.896345218906842378e-01 9.898966073043203862e-01 9.875378385815937188e-01 9.900276500111385714e-01
1.017746193960251677e+00 1.011703818518567166e+00 1.006712290979784319e+00 1.007500426906960511e+00 9.967292359022186243e-01 9.930512682420629123e-01 9.920004203391612485e-01 9.922631323148866089e-01 9.898987245333579210e-01 9.923944883027493447e-01 9.914749963877103056e-01
1.014368686536106123e+00 1.009364011115647441e+00 1.010154223024140929e+00 9.993546602747302998e-01 9.956670047017609493e-01 9.946133888237697063e-01 9.948767927932674615e-01 9.925061570677871092e-01 9.950084947780163391e-01 9.940865808847739737e-01 9.973791305034966914e-01
1.011081794195250572e+00 1.011873350923482739e+00 1.001055408970976224e+00 9.973614775725593296e-01 9.963060686015832168e-01 9.965699208443271617e-01 9.941952506596306582e-01 9.967018469656991897e-01 9.957783641160948829e-01 9.990765171503956932e-01 9.936675461741425464e-01
1.013638526193370915e+00 1.002801712745149620e+00 9.991013374213669751e-01 9.980440873288576320e-01 9.983083998519848290e-01 9.959295871438388348e-01 9.984405561135485385e-01 9.975154622826027939e-01 1.000819368821694644e+00 9.954009620975841077e-01 9.975154622826027939e-01
1.004421147380404111e+00 1.000714796283059371e+00 9.996558388266753026e-01 9.999205781907712920e-01 9.975379239139069432e-01 1.000052947872819287e+00 9.991263600984831017e-01 1.002435602149683636e+00 9.970084451857148533e-01 9.991263600984831017e-01 9.987292510523391176e-01
1.000437161365533401e+00 1.000702107647674532e+00 9.983175911084029019e-01 1.000834580788745320e+00 9.999072688012505816e-01 1.003219097328016840e+00 9.977876985441204161e-01 9.999072688012505816e-01 9.995098493780387727e-01 9.993773762369680957e-01 1.009842754381549135e+00
9.997617724132453754e-01 9.973794965457000172e-01 9.998941210725534878e-01 9.989676804573968116e-01 1.002276396940098957e+00 9.968501019084676784e-01 9.989676804573968116e-01 9.985706344794726963e-01 9.984382858201645838e-01 1.008893829905503026e+00 1.010879059795124268e+00
1.005089712611176633e+00 1.003547375456274482e+00 9.966068582592152447e-01 9.968639144516989736e-01 9.937792401418947819e-01 9.958356896817641690e-01 1.001747982108888824e+00 9.993059482802938431e-01 1.002647678782581764e+00 1.004575600226209176e+00 1.004061487841241940e+00
9.969656449290269506e-01 9.972227936638552448e-01 9.941370088459166032e-01 9.961941987245421792e-01 1.002108619625591501e+00 9.996657066447233175e-01 1.003008640197490253e+00 1.004937255708701960e+00 1.004422958239045593e+00 1.001337173421106730e+00 1.000565727216622181e+00
9.968639144516991957e-01 9.937792401418951149e-01 9.958356896817643911e-01 1.001747982108889046e+00 9.993059482802940652e-01 1.002647678782581986e+00 1.004575600226209620e+00 1.004061487841242162e+00 1.000976813531437859e+00 1.000205644953987116e+00 9.995630044727779051e-01
9.935110825570190318e-01 9.955669771924188227e-01 1.001477674269193763e+00 9.990362993896563237e-01 1.002377128172181164e+00 1.004304529392868739e+00 1.003790555734018763e+00 1.000706713780918689e+00 9.999357532926438363e-01 9.992932862190813115e-01 9.967234179248314341e-01
9.952472703917789598e-01 1.001156069364161905e+00 9.987154784842645627e-01 1.002055234425176744e+00 1.003982016698779844e+00 1.003468208092485714e+00 1.000385356454720487e+00 9.996146435452794021e-01 9.989723827874117390e-01 9.964033397559409755e-01 9.939627488760436336e-01
1.001284686536485058e+00 9.988437821171634035e-01 1.002183967112024732e+00 1.004110996916752319e+00 1.003597122302158251e+00 1.000513874614594068e+00 9.997430626927030772e-01 9.991007194244605483e-01 9.965313463514903214e-01 9.940904419321685559e-01 9.861253854059609525e-01
1.000360258356707277e+00 1.003705514526131548e+00 1.005635470008491739e+00 1.005120815213195851e+00 1.002032886441419413e+00 1.001260904248475248e+00 1.000617585754355332e+00 9.980443117778750040e-01 9.955997015002185924e-01 9.876225521731298862e-01 9.886518617637218842e-01
1.000311907051698812e+00 1.000701790866321828e+00 9.997920619655342733e-01 1.004080783926390108e+00 1.003560938840225791e+00 1.001351597224027445e+00 9.983624879785825135e-01 9.958932238193018982e-01 9.966729914485483732e-01 9.992722168793700677e-01 9.990122943362879093e-01
1.000831860247478611e+00 9.999220131017989566e-01 1.004211292502859676e+00 1.003691379848185683e+00 1.001481751065821157e+00 9.984922533014455315e-01 9.960226681917438984e-01 9.968025371737548879e-01 9.994021004471249636e-01 9.991421441197880782e-01 1.000311947592804618e+00
9.999740030156500925e-01 1.004263505433369730e+00 1.003743565746373356e+00 1.001533822076638991e+00 9.985441688764102874e-01 9.960744553631777354e-01 9.968543648936721846e-01 9.994540633286538300e-01 9.991940934851557543e-01 1.000363957780897373e+00 9.959444704414287530e-01
9.943584327262423583e-01 1.002086607073855662e+00 9.956464617841778164e-01 9.987377315232230934e-01 1.001829001262268370e+00 1.002988227414410627e+00 1.007238723305597716e+00 1.006723511682423577e+00 1.002988227414410627e+00 9.874030758133903740e-01 9.881758932481516933e-01
9.996345983191523565e-01 1.000417601920968957e+00 1.003288615127629457e+00 1.003027613927024220e+00 9.996345983191523565e-01 9.997650989194550863e-01 9.970245863130970942e-01 9.962415827112804934e-01 9.992430965182440561e-01 1.001722607923996478e+00 1.005246124132171071e+00
9.949913934797520731e-01 9.934383371944038865e-01 9.947325507655273569e-01 9.977092419791113720e-01 9.978386633362238411e-01 9.980975060504485574e-01 1.005603944762964774e+00 1.004827416620290625e+00 1.005862787477189491e+00 1.006898158334088356e+00 1.007157001048313072e+00
9.922312276211527893e-01 9.935238686159693078e-01 9.964969429040472226e-01 9.966262070035288856e-01 9.968847352024922115e-01 1.004382052972427886e+00 1.003606468375537908e+00 1.004640581171391212e+00 1.005674693967244515e+00 1.005933222166207841e+00 1.003089411977611478e+00
9.924462521789656488e-01 9.954161017496286901e-01 9.955452256440053826e-01 9.958034734327587678e-01 1.003292659306604717e+00 1.002517915940344562e+00 1.003550907095358102e+00 1.004583898250371199e+00 1.004842146039124584e+00 1.002001420362838013e+00 9.958034734327587678e-01
9.950820306953569450e-01 9.952111112545338756e-01 9.954692723728879589e-01 1.002955944805152821e+00 1.002181461450091016e+00 1.003214105923506905e+00 1.004246750396922572e+00 1.004504911515276655e+00 1.001665139213383071e+00 9.954692723728879589e-01 9.967600779646577092e-01
9.988335530986914845e-01 1.000355005578658973e+00 1.000355005578658973e+00 1.008215843391824684e+00 9.998478547520032178e-01 1.001622882645298640e+00 1.002130033471954507e+00 9.998478547520032178e-01 9.968049497920681290e-01 9.919870169388375070e-01 9.912262906988537070e-01
1.000358735202172777e+00 9.962589043201967032e-01 9.984796460479337110e-01 1.007533439245630769e+00 1.002408650643160648e+00 1.003775260937152858e+00 1.004458566084148963e+00 9.928423785852166228e-01 9.945506414527066630e-01 9.993337774816787311e-01 1.007191786672132938e+00
9.978319135496865888e-01 1.006879833381702394e+00 1.001758369325844278e+00 1.003124093074073242e+00 1.003806954948187613e+00 9.921983030882427501e-01 9.939054577735287888e-01 9.986854908923296081e-01 1.006538402444645319e+00 9.952711815217575309e-01 9.867354080953273376e-01
1.007998359310910530e+00 1.002871205906480601e+00 1.004238446814328611e+00 1.004922067268252617e+00 9.933005195515450803e-01 9.950095706863549827e-01 9.997949138638227984e-01 1.007656549083948638e+00 9.963768115942028825e-01 9.878315559201531482e-01 9.868061252392671401e-01
1.005001027608412700e+00 1.006371172158662786e+00 1.007056244433787828e+00 9.954100157566624363e-01 9.971226964444749319e-01 1.001918202370350119e+00 1.009796533534287999e+00 9.984928409947249062e-01 9.899294375556620951e-01 9.889018291429745311e-01 9.859902719736932664e-01
1.008288003843712088e+00 1.008974380973626017e+00 9.973059697650875632e-01 9.990219125898726071e-01 1.003826552499270663e+00 1.011719889493282176e+00 1.000394666849700576e+00 9.918149527257752451e-01 9.907853870309041300e-01 9.878682842287695998e-01 9.832352386018498036e-01
1.011508489446250714e+00 9.998107722213622761e-01 1.001531024754434229e+00 1.006347731847035298e+00 1.014260893499165705e+00 1.002907226780891614e+00 9.943059641155322925e-01 9.932738125956891428e-01 9.903493832894670890e-01 9.857047014501729709e-01 9.843284994237155860e-01
1.018072494960882590e+00 1.019097400157152000e+00 9.890335143999179346e-01 9.924498650541490052e-01 9.924498650541490052e-01 9.975743910354957222e-01 9.890335143999179346e-01 9.873253390728022882e-01 9.975743910354957222e-01 1.017389224830036465e+00 1.003382187147688676e+00
1.020596688107294314e+00 9.904885726016148251e-01 9.939099493636238680e-01 9.939099493636238680e-01 9.990420145066373214e-01 9.904885726016148251e-01 9.887778842206103036e-01 9.990420145066373214e-01 1.018885999726289793e+00 1.004858355002052672e+00 9.949363623922266031e-01
9.845769813675671056e-01 1.008469287688330107e+00 1.005616474993313636e+00 9.904609075510385496e-01 9.942052242132477513e-01 9.970580369082643335e-01 9.974146384951412259e-01 1.007399482927699097e+00 1.004546670232682404e+00 1.010252295622715568e+00 1.012748506730854814e+00
1.005636256956421226e+00 1.002791458492612309e+00 9.876784666536279067e-01 9.914122646373769721e-01 9.942570631011858895e-01 9.946126629091618376e-01 1.004569457532492827e+00 1.001724659068683909e+00 1.007414255996301744e+00 1.009903454652134380e+00 1.019682449371477118e+00
9.846148392357048085e-01 9.883370555496472365e-01 9.911730298840795150e-01 9.915275266758833972e-01 1.001453436846396317e+00 9.986174625119641490e-01 1.004289411180828706e+00 1.006770888723456991e+00 1.016519550498067970e+00 1.016696798893969911e+00 1.016342302102165807e+00
1.003123605533243978e+00 1.011334225792057229e+00 1.008121374386434566e+00 9.956269522534582084e-01 9.995537706381080190e-01 9.999107541276216482e-01 9.959839357429718376e-01 9.952699687639446902e-01 9.977688531905399838e-01 9.933065595716198404e-01 9.929495760821061001e-01
1.012364208118925024e+00 1.009148084619782448e+00 9.966409376786733443e-01 1.000571755288736320e+00 1.000929102344196631e+00 9.969982847341336551e-01 9.962835906232131444e-01 9.987850200114349875e-01 9.943181818181816567e-01 9.939608347627213458e-01 9.898513436249284370e-01
1.011425092224490507e+00 9.988897245800651969e-01 1.002829411554027494e+00 1.003187564915296814e+00 9.992478779413345169e-01 9.985315712187959880e-01 1.001038644747681117e+00 9.965617277318148393e-01 9.962035743705454083e-01 9.920848107159486728e-01 9.920848107159486728e-01
9.848442791317381095e-01 9.844741760580320022e-01 9.848442791317381095e-01 1.010381391217453961e+00 9.909509798478874920e-01 1.005199948185569570e+00 1.008160772775217540e+00 1.019263864986398538e+00 1.002609226669627152e+00 1.009271081996335750e+00 1.011861803512277946e+00
9.818215373258283307e-01 9.821906431669283899e-01 1.007658946202823813e+00 9.882808895450772013e-01 1.002491464427424761e+00 1.005444311156224124e+00 1.016517486389222125e+00 9.999077235397251240e-01 1.006551628679523969e+00 1.009135369567223384e+00 1.005444311156224124e+00
9.971264893753316594e-01 1.008108058641579818e+00 9.916357047422075244e-01 9.982246463019565086e-01 1.000787012464080972e+00 9.971264893753316594e-01 9.978585939930816329e-01 9.967604370664567837e-01 1.002068195545143370e+00 1.010304372494829517e+00 9.956622801398319345e-01
1.007751937984496360e+00 1.002509081376624422e+00 1.002509081376624422e+00 9.927723476762911892e-01 9.961427554956372443e-01 9.976407145264577503e-01 9.965172452533425096e-01 1.005504999438265434e+00 9.983896940418681698e-01 1.000262142830393719e+00 9.995131633149832995e-01
1.003335707057456672e+00 1.003335707057456672e+00 9.935909448671339517e-01 9.969641317791686497e-01 9.984633259622951451e-01 9.973389303249504678e-01 1.006334095423709662e+00 9.992129230538586704e-01 1.001086915782766873e+00 1.000337318691203459e+00 1.005209699786364874e+00
1.003147717904519176e+00 9.934047815333882925e-01 9.967773364310874573e-01 9.982762497189535678e-01 9.971520647530540682e-01 1.006145544480251841e+00 9.990257063628869005e-01 1.000899347972719733e+00 1.000149891328786511e+00 1.005021359514352008e+00 1.013640110919583170e+00
9.923635546904245874e-01 9.957325746799431387e-01 9.972299168975068406e-01 9.961069102343341752e-01 1.005090963539717164e+00 9.979785880062890246e-01 9.998502657782437630e-01 9.991015946694616900e-01 1.003967956876544054e+00 1.012577674627536117e+00 1.007711312420453753e+00
9.942066903382544840e-01 9.957017379928984058e-01 9.945804522519156032e-01 1.003550738179779467e+00 9.964492618202205332e-01 9.983180713885255742e-01 9.975705475612033357e-01 1.002429452438796442e+00 1.011025976452999409e+00 1.006167071575406302e+00 1.008783404971033359e+00
9.942524445771440122e-01 9.931327909233411688e-01 1.002090020153765693e+00 9.949988803463463150e-01 9.968649697693514611e-01 9.961185340001491584e-01 1.000970366499962738e+00 1.009554377845786277e+00 1.004702545345973030e+00 1.007315070538180146e+00 1.002463238038366899e+00
1.000000000000000222e+00 9.929236499068904154e-01 9.947858472998141188e-01 9.940409683426444376e-01 9.988826815642459778e-01 1.007448789571694814e+00 1.002607076350093385e+00 1.005214152700186325e+00 1.000372439478585118e+00 1.003724394785847407e+00 9.970204841713222743e-01
9.932195812532600421e-01 9.950823336562106824e-01 9.943372326950302709e-01 9.991803889427018914e-01 1.007749049996274682e+00 1.002905893748603061e+00 1.005513747112733780e+00 1.000670590865062382e+00 1.004023545190373401e+00 9.973176365397512511e-01 9.924744802920796305e-01
9.951564828614010150e-01 9.944113263785394619e-01 9.992548435171386689e-01 1.007824143070044753e+00 1.002980625931445546e+00 1.005588673621460538e+00 1.000745156482861553e+00 1.004098360655737876e+00 9.973919523099851192e-01 9.925484351713860232e-01 9.970193740685545647e-01
1.010275202989149967e+00 1.009915930157361696e+00 1.013867931307034675e+00 1.003089746353380773e+00 1.003808292016957759e+00 9.890781059136309894e-01 9.905151972407847394e-01 9.887188330818423854e-01 9.951857440540347044e-01 9.955450168858233084e-01 1.000934109362650259e+00
1.015180948269659877e+00 1.004388804949996494e+00 1.005108281171307238e+00 9.903590186344343183e-01 9.917979710770560287e-01 9.899992805237788351e-01 9.964745665155767540e-01 9.968343046262323481e-01 1.002230376286064040e+00 1.007626447945895620e+00 1.005108281171307238e+00
1.005401512423478527e+00 1.006121714079942331e+00 9.913575801224343564e-01 9.927979834353618527e-01 9.909974792942023436e-01 9.974792942023766873e-01 9.978393950306087001e-01 1.003240907454087338e+00 1.008642419877565866e+00 1.006121714079942331e+00 1.007202016564638036e+00
1.005940594059405946e+00 9.911791179117912520e-01 9.926192619261925421e-01 9.908190819081907907e-01 9.972997299729973175e-01 9.976597659765977788e-01 1.003060306030603144e+00 1.008460846084608509e+00 1.005940594059405946e+00 1.007020702070206886e+00 1.007020702070206886e+00
9.910720714234287909e-01 9.925120599035208713e-01 9.907120743034055765e-01 9.971920224638204377e-01 9.975520195838435411e-01 1.002951976384189203e+00 1.008351933184534754e+00 1.005831953344373364e+00 1.006911944704442341e+00 1.006911944704442341e+00 1.002951976384189203e+00
1.016931794906806852e+00 1.012494026080426046e+00 1.002594387929268693e+00 1.000546186932477655e+00 9.899638151157234001e-01 9.882569809517307569e-01 9.920120161125145497e-01 1.002935754762067422e+00 1.001228920598074668e+00 9.930361166109100690e-01 9.892810814501263872e-01
1.015301406907883397e+00 1.005374319652209358e+00 1.003320439530345887e+00 9.927087255673842092e-01 9.909971587991646125e-01 9.947626056892477919e-01 1.005716633005853344e+00 1.004005066237633859e+00 9.957895457501794167e-01 9.920240988600963483e-01 1.000239619347550457e+00
1.005161268197328761e+00 9.945300845350573127e-01 9.928153774927555020e-01 9.965877329858195965e-01 1.007561858056551074e+00 1.005847151014249263e+00 9.976165572112004609e-01 9.938442017181365884e-01 1.002074795521185280e+00 1.003960973267717272e+00 1.002074795521185280e+00
1.012096181785533400e+00 9.908748102319658857e-01 9.869570185605380797e-01 9.941396366248224092e-01 9.902218449533946032e-01 9.938131539855367125e-01 1.002791426565892152e+00 1.005240046360534656e+00 9.993633588533930023e-01 1.024502522078388544e+00 1.013402112342675965e+00
1.001436311665410583e+00 9.984499210739630204e-01 1.013950710334333705e+00 9.998720118317951933e-01 1.006840256545172840e+00 9.819536682831099261e-01 9.940414397246832845e-01 9.947524851035993709e-01 1.003285029650592408e+00 1.005418165787340667e+00 1.012813037728067966e+00
1.013043107612741967e+00 9.989770111676281594e-01 1.005939018499048210e+00 9.810747066011197282e-01 9.931516580943992034e-01 9.938620670057686235e-01 1.002386973942201331e+00 1.004518200676309370e+00 1.011906453354550983e+00 9.951408030462334242e-01 1.007075672757239193e+00
9.969831920701048844e-01 9.974141646315183296e-01 9.880764258008906120e-01 9.909495762103145422e-01 9.945410142220943994e-01 1.007039218503088529e+00 1.009194081310156532e+00 1.008188478666858012e+00 1.007326533544031122e+00 1.000287315040942371e+00 9.893693434851315027e-01
1.013971363761143163e+00 1.013104474592923410e+00 1.006024879719127796e+00 9.950442835883432924e-01 9.948998020603065928e-01 9.975004695649660746e-01 9.966335803967462104e-01 1.002846286102321960e+00 9.879646887145477896e-01 9.920101714995738229e-01 9.957666912285264571e-01
1.014952161767047389e+00 1.007859655217334671e+00 9.968590328136986978e-01 9.967142877820719393e-01 9.993196983513540355e-01 9.984512281615932627e-01 1.004675264521545319e+00 9.897665262639858685e-01 9.938193871495361043e-01 9.975827579718327121e-01 1.004385774458291580e+00
1.008105030477593811e+00 1.004353941992095933e+00 9.906892625092101889e-01 1.000066983722955216e+00 1.003148234978900044e+00 1.005023779221649205e+00 9.991292116015807467e-01 9.949762207783509060e-01 9.948422533324401407e-01 9.996650813852233641e-01 1.020831937839105086e+00
1.003077334760503092e+00 9.894300240834894566e-01 9.987958255284987708e-01 1.001873160289001863e+00 1.003746320578003948e+00 9.978592453839978393e-01 9.937115333154937780e-01 9.935777361519936290e-01 9.983944340379984350e-01 1.019534385871019522e+00 1.031843724913031890e+00
9.742244375942809009e-01 9.740932642487046822e-01 9.788155046894471134e-01 9.995408932904833454e-01 1.011608841083491805e+00 1.008723027480815881e+00 1.018823375090181615e+00 1.016986948252114997e+00 1.003738440348921124e+00 1.013445267921558424e+00 1.005443693841411301e+00
9.994124703175109037e-01 9.943939876129159749e-01 9.963524198878798144e-01 1.009816641778256585e+00 1.004675757056476382e+00 1.001860510661215731e+00 9.983108521628437648e-01 9.877842786849128087e-01 1.003696540918994407e+00 1.003696540918994407e+00 9.779921173100933895e-01
9.994720233783137564e-01 1.012978402072615358e+00 1.007821421116609217e+00 1.004997360116891558e+00 1.001436587552030355e+00 9.908770551183037067e-01 1.006839139029750863e+00 1.006839139029750863e+00 9.810542342497207136e-01 9.876846383360141646e-01 9.773706764240021050e-01
1.015222179835841843e+00 1.010053776011222926e+00 1.007223459631074514e+00 1.003654799847409240e+00 9.930718777303325639e-01 1.009069318139866889e+00 1.009069318139866889e+00 9.832272990167728599e-01 9.898723896484256102e-01 9.795355819991879986e-01 9.826120128471753645e-01
1.018443768241942493e+00 1.018443768241942493e+00 9.923616717381854579e-01 9.990684965534372131e-01 9.886356579519344212e-01 9.917406694404770073e-01 9.948456809290194824e-01 9.861516487611003967e-01 1.000558902067937739e+00 1.009749736074023518e+00 1.009004533316773200e+00
1.019406009522743961e+00 9.932992702544786168e-01 1.000012431780603839e+00 9.895697360732977899e-01 9.926776812242817938e-01 9.957856263752657977e-01 9.870833799525106089e-01 1.001504245453076258e+00 1.010703763099988883e+00 1.009957856263752562e+00 1.022513954673727854e+00
9.813230058092322627e-01 1.001686551314885154e+00 1.002561059404085242e+00 1.005059653944656128e+00 9.993128865013428674e-01 1.004435005309513240e+00 9.866949840714597242e-01 9.969392216878005808e-01 1.005059653944656128e+00 1.016927978012367895e+00 1.026922356174651663e+00
9.974081484176063883e-01 9.893370316478720117e-01 9.997953801382321037e-01 9.929747180793015993e-01 1.002182611858857930e+00 1.006388686795198328e+00 1.003774099672608333e+00 9.987722808293926224e-01 1.003774099672608333e+00 1.005592942888323016e+00 1.010253728628592418e+00
9.880678012284146439e-01 9.985127325984036739e-01 9.917008208353673693e-01 1.000896901715466303e+00 1.005097580636005405e+00 1.002486347793508203e+00 9.974909458339482615e-01 1.002486347793508203e+00 1.004302857596984566e+00 1.008957663968392815e+00 1.006459962988612622e+00
9.966796233128973892e-01 9.898802171277042428e-01 9.990594154777150404e-01 1.003252382625250627e+00 1.000645943587593401e+00 9.956597123851184117e-01 1.000645943587593401e+00 1.002459118570311558e+00 1.007105379463526962e+00 1.004612263862289412e+00 9.881803655814059839e-01
9.907222575083931559e-01 9.999092641321114527e-01 1.004105798021958096e+00 1.001497141820161474e+00 9.965066690862899312e-01 1.001497141820161474e+00 1.003311859177933085e+00 1.007962072407222687e+00 1.005466836040286749e+00 9.890209599854823397e-01 9.917430360221395347e-01
9.998072059607380213e-01 1.004003311521144859e+00 1.001394921578189212e+00 9.964049582090567236e-01 1.001394921578189212e+00 1.003209453712419208e+00 1.007859192306383767e+00 1.005364210621817467e+00 9.889200131553578244e-01 9.916418113567028181e-01 9.936831600077117299e-01
1.004618544534344071e+00 1.002008556222552693e+00 9.970155351043429315e-01 1.002008556222552693e+00 1.003824200265537980e+00 1.008476788125688195e+00 1.005980277566583148e+00 9.895260034270282334e-01 9.922494694915062752e-01 9.942920690398648897e-01 9.727312960294135502e-01
9.983035925186283244e-01 1.013979256587000055e+00 1.009899289226738883e+00 1.016770813201915535e+00 1.015911872705018482e+00 9.980888573944041164e-01 9.856342201893965038e-01 9.933646846614702097e-01 9.884257768043119841e-01 9.796216367111169054e-01 9.858489553136208228e-01
1.013512057410081102e+00 1.020408163265306145e+00 1.019546150033403098e+00 1.001659375471413371e+00 9.891601836088182997e-01 9.969183026959463900e-01 9.919617266125034805e-01 9.831260909854965258e-01 9.893756869167941170e-01 9.943322630002369156e-01 1.004137663513134937e+00
9.978322062963083106e-01 9.928710863774118378e-01 9.840273508698136329e-01 9.902826759849441274e-01 9.952437959038404891e-01 1.005058185308614016e+00 1.006675941803906182e+00 1.010127155660530018e+00 1.008617249598257049e+00 1.009264352196374004e+00 1.033207148326700464e+00
1.024573397456294277e+00 1.000936389174250207e+00 9.792994354391483247e-01 9.950271371037391344e-01 9.809358437048283363e-01 9.923907015645879737e-01 1.003118266861823482e+00 1.010209369346436681e+00 1.006391083393183505e+00 1.007118375955707856e+00 9.982090420647835582e-01
1.003582269135059768e+00 9.818881201746471055e-01 9.976573965198209937e-01 9.835288541296363096e-01 9.950139918145606277e-01 1.005769914408378929e+00 1.012879761546665369e+00 1.009051382318357115e+00 1.009780597409463354e+00 1.000847712543411205e+00 1.018166570957186101e+00
9.838666065795405036e-01 9.945020279405140107e-01 1.001532221721496363e+00 9.977467327625058058e-01 9.984677782785039701e-01 9.896349707075261515e-01 1.006759801712483249e+00 1.000090130689499812e+00 1.011807120324470510e+00 1.015592609283461289e+00 1.024425416854439108e+00
9.904847396768402534e-01 9.974865350089766602e-01 9.937163375224417061e-01 9.944344703770197080e-01 9.856373429084380744e-01 1.002692998204667951e+00 9.960502692998204344e-01 1.007719928186714409e+00 1.011490125673249585e+00 1.020287253141831219e+00 1.013644524236983813e+00
9.915090283748925204e-01 9.922255660647749664e-01 9.834479793637145306e-01 1.000465749498423706e+00 9.938377758670104978e-01 1.005481513327600940e+00 1.009243336199484142e+00 1.018020922900544578e+00 1.011392949269131591e+00 9.943751791344225266e-01 9.897176841501862388e-01
9.924033396638836102e-01 9.836241803131831052e-01 1.000644999462500406e+00 9.940158383201346259e-01 1.005661661948614949e+00 1.009424158813200911e+00 1.018203318163901416e+00 1.011574157021535969e+00 9.945533378722185569e-01 9.898950084208263389e-01 9.737700218583151823e-01
9.987389266864908910e-01 1.012595164328750741e+00 1.014463421089504935e+00 1.012128100138562248e+00 1.015708925596674472e+00 1.001541311827621961e+00 9.795892948887608975e-01 9.929784683408321433e-01 9.917329638336628284e-01 9.805234232691377727e-01 9.755414052404601799e-01
1.022984174830444681e+00 1.020629238884702250e+00 1.024240140668173815e+00 1.009953529264003835e+00 9.878171313740266024e-01 1.001318764129615513e+00 1.000062798291886379e+00 9.887591057523233973e-01 9.837352424014066399e-01 9.604998744034161096e-01 9.531210751067570319e-01
9.932294328053142829e-01 9.898760858456820966e-01 9.868421052631578538e-01 9.908341849770055942e-01 9.900357690342360684e-01 9.970618293306080515e-01 1.000894225855901709e+00 1.013189831374552874e+00 1.016064128768523256e+00 1.021972406745017770e+00 1.001532958610117596e+00
9.857717093090028193e-01 9.897594589421297995e-01 9.889619090155044034e-01 9.959803483698079773e-01 9.998085880176098561e-01 1.012090856887641221e+00 1.014962036623492603e+00 1.020863906080520689e+00 1.000446627958910373e+00 9.913545587953807026e-01 9.680661009379187831e-01
9.924763886665600721e-01 9.995197694893549478e-01 1.003361613574515809e+00 1.015687530014407036e+00 1.018568913078277571e+00 1.024491756042900770e+00 1.004001920922042768e+00 9.948775412197855550e-01 9.715063230350569068e-01 9.755082439570994524e-01 9.812710100848408556e-01
1.021508838587114054e+00 1.024406736001545415e+00 1.030363525131210434e+00 1.009756254628586314e+00 1.000579579482886228e+00 9.770744115658305251e-01 9.810992690858743037e-01 9.868950639147374693e-01 9.839971665003059975e-01 9.843191551019093710e-01 1.008468300222172154e+00
1.025744361871906873e+00 1.031708929118372531e+00 1.011074750536005151e+00 1.001886092886044688e+00 9.783502329405316944e-01 9.823803459449004238e-01 9.881837086711912077e-01 9.852820273080459268e-01 9.856044363483953408e-01 1.009785114374607051e+00 1.009462705334257748e+00
9.977632086386426513e-01 9.960663324334749769e-01 1.003933667566525356e+00 1.002545314307751845e+00 1.003779406093328497e+00 9.919012726571539984e-01 9.928268414963364874e-01 9.971461627458543253e-01 1.006401851137678438e+00 1.007635942923255090e+00 1.014731970690320173e+00
9.943789943789944630e-01 1.002233002233002157e+00 1.000847000847000734e+00 1.002079002079002024e+00 9.902209902209901937e-01 9.911449911449911054e-01 9.954569954569953971e-01 1.004697004697004736e+00 1.005929005929006026e+00 1.013013013013012831e+00 1.022099022099022037e+00
1.001954056590709685e+00 1.005646761958980173e+00 1.001800193867031785e+00 9.847214315387810002e-01 9.893373132491189992e-01 9.970304494330157752e-01 9.984152139461170972e-01 1.010262643669318061e+00 1.004877448340590451e+00 1.005954487406335973e+00 9.991845275645068192e-01
1.005925355906117868e+00 1.002077722200846566e+00 9.849942285494420746e-01 9.896113889957676157e-01 9.973066564063101103e-01 9.986918045402077837e-01 1.010542516352443299e+00 1.005155829165063519e+00 1.006233166602539475e+00 9.994613312812620221e-01 1.008849557522123908e+00
1.001784780133550878e+00 9.847062805797459628e-01 9.893220912699635106e-01 9.970151090869927568e-01 9.983998522940579212e-01 1.010247099732283216e+00 1.004861987260362577e+00 1.005939009754746705e+00 9.991691540757609014e-01 1.008554635812536571e+00 1.015170631135181800e+00
1.027762847035587956e+00 1.013887673595919914e+00 1.006137576719708937e+00 9.910123876548456723e-01 9.781372267153339850e-01 9.888873610920136947e-01 1.003512543906798671e+00 9.937624220302753164e-01 1.002887536094201115e+00 9.940124251553145163e-01 1.011387642345529247e+00
1.009557495484647571e+00 9.943808950431465288e-01 9.814619707003812143e-01 9.922486453943406559e-01 1.006923540036122722e+00 9.971402769416013445e-01 1.006296407786473779e+00 9.973911298414609439e-01 1.014825406381697714e+00 9.997742323901263051e-01 1.020218743728677380e+00
9.933218899176825545e-01 9.804167240925664162e-01 9.911919110921779685e-01 1.005851177126533269e+00 9.960783331036296984e-01 1.005224712766090711e+00 9.963289188478068326e-01 1.013744628068109277e+00 9.987094834174884417e-01 1.019132221567915053e+00 9.985841905453999301e-01
9.799010706906268187e-01 9.906705904451820199e-01 1.005322146390332572e+00 9.955544424268988335e-01 1.004696011520881616e+00 9.958048963746791715e-01 1.013211445745413553e+00 9.981842088785924938e-01 1.018596205622691153e+00 9.980589819047023248e-01 9.949283075574478774e-01
1.038263861666449017e+00 1.031621586306023852e+00 1.012674768064811381e+00 9.966679733437867617e-01 9.616054706215428904e-01 9.838189816629645534e-01 9.831656431029226484e-01 9.940546191036195856e-01 1.001785792064114444e+00 9.963413040637659757e-01 1.016812578945076151e+00
9.827595583836405968e-01 9.821069233697721224e-01 9.929841736009136222e-01 1.000707021265024199e+00 9.952683961494533937e-01 1.015717626583999555e+00 1.009843911459183063e+00 1.006036873878283444e+00 1.005166693859792293e+00 1.009408821449937488e+00 1.027573829335943989e+00
9.798604486650446255e-01 1.007406295887415704e+00 1.027449383165950358e+00 1.019142756085274160e+00 1.004458783052337045e+00 9.921328202874628577e-01 1.000171491655859057e+00 1.000064309370947147e+00 9.872024351815131826e-01 9.821112766481955303e-01 9.830223260699471055e-01
9.999195645762394280e-01 1.000938413277207228e+00 9.887122288655924018e-01 9.921977638952195200e-01 9.985789741802290065e-01 1.006783387403812791e+00 1.006568892940451043e+00 1.004960184465238493e+00 9.929484945169853027e-01 1.008392095879025119e+00 9.959514170040486558e-01
1.001335758082945837e+00 9.891047202150088369e-01 9.925916389054294520e-01 9.989753823540457045e-01 1.007183052502266474e+00 1.006968472890548361e+00 1.005359125802661957e+00 9.933426675464431810e-01 1.008792399590153099e+00 9.963467821104977640e-01 9.994045415774820418e-01
9.892957746478873160e-01 9.927833668678739398e-01 9.991683433936955350e-01 1.007377598926894713e+00 1.007162977867203102e+00 1.005553319919517019e+00 9.935345405767941340e-01 1.008987256874580796e+00 9.965392354124747998e-01 9.995975855130784238e-01 9.915492957746478986e-01
9.925596914444497765e-01 9.989432294265008228e-01 1.007150635403423422e+00 1.006936062698144285e+00 1.005326767408551758e+00 9.933106959129264224e-01 1.008759930693016171e+00 9.963147137868326730e-01 9.993723748370587634e-01 9.913258983890953502e-01 9.905748939206187043e-01
9.920475455256867470e-01 9.956430701550303963e-01 9.942683107379284291e-01 1.008227406357733447e+00 9.950614411708719187e-01 9.985512150758231176e-01 9.994500962331590577e-01 1.002093864342970653e+00 1.009390664326050402e+00 1.005266386074744611e+00 1.011082675916329832e+00
1.004859879566732950e+00 9.912641836515911908e-01 9.993584427110948631e-01 9.956021746465202327e-01 1.007203391943303661e+00 9.947545212337181031e-01 1.007045495719350425e+00 1.004145191395154457e+00 1.004328018601837291e+00 9.914387005306976031e-01 9.829289250923693988e-01
9.993135104971166971e-01 1.010957973996811976e+00 9.984626972614656371e-01 1.010799489178406230e+00 1.007888373303482465e+00 1.008071882040583622e+00 9.951345160749481833e-01 9.865930184935099989e-01 9.942586789206016018e-01 9.885198602330727002e-01 9.968861903836415683e-01
9.866167576631779124e-01 9.830470983106702754e-01 9.907228593302551678e-01 9.893387057037725807e-01 1.002087489105585094e+00 1.004630623041323334e+00 1.009842723060661696e+00 1.010074519122512893e+00 1.006451877813010931e+00 1.017187346849030671e+00 1.018763560069618324e+00
9.798970426497982666e-01 9.875482076205338577e-01 9.861684893471224234e-01 9.988764208127529631e-01 1.001411405583039871e+00 1.006606804057559978e+00 1.006837857356934984e+00 1.003226824363844250e+00 1.013927892886330895e+00 1.015499055322081512e+00 1.013063093394384051e+00
9.842837272161418793e-01 9.829085697968056312e-01 9.955744933959544962e-01 9.981010984152133281e-01 1.003279322764579540e+00 1.003509612284564145e+00 9.999105160722345786e-01 1.010576210697803567e+00 1.012142179433698219e+00 1.009714269923004171e+00 1.012767250987941958e+00
9.902165540352743101e-01 9.933599095772417398e-01 9.992892707679845721e-01 9.926385922002429751e-01 9.838371966827341719e-01 9.899981735449903120e-01 1.003332618633546947e+00 1.011591371720653054e+00 1.013874440482713357e+00 1.021861872354618228e+00 1.028247847297772966e+00
1.006278384211849897e+00 1.002950318291852216e+00 1.002081863133896578e+00 9.964763798416377272e-01 9.975270283893742373e-01 9.973387618866006443e-01 9.952739034690837316e-01 9.969743751070387905e-01 9.988752594737528856e-01 1.006223726194915624e+00 1.009454622307030203e+00
1.000939652928969359e+00 9.953405589752021276e-01 9.963900099546189049e-01 9.962019580450125478e-01 9.941394532299736575e-01 9.958379866070643516e-01 9.977367042750266979e-01 1.005076794940311880e+00 1.008304008356784465e+00 1.010032872687037564e+00 1.008267611212989578e+00
9.948553140354107205e-01 9.946675517739292927e-01 9.926082237447788614e-01 9.943041409452556545e-01 9.961999341015029819e-01 1.003528719146420611e+00 1.006750961827326485e+00 1.008477163263526100e+00 1.006714620744459054e+00 1.001893370417389351e+00 9.909547044743139965e-01
9.973860732702818366e-01 9.991472295775387646e-01 9.919635656926751865e-01 9.885493942549227198e-01 9.961347253677571567e-01 9.938096900673872858e-01 1.007149676657881354e+00 1.002213804375700956e+00 1.010633367423551698e+00 1.013012473312302486e+00 1.017871101896796304e+00
9.880620073923842561e-01 9.846612644608515597e-01 9.922167612001391301e-01 9.899008706517423706e-01 1.003188388848025303e+00 9.982719301755154095e-01 1.006658377676353799e+00 1.009028126144480897e+00 1.013867644931662149e+00 1.014144628518845570e+00 1.020530639001135720e+00
9.814745508982034572e-01 9.890055953666435640e-01 9.866971998625697626e-01 9.999417149307939789e-01 9.950411676646705450e-01 1.003400473642877877e+00 1.005762552763325823e+00 1.010586409148915177e+00 1.010862496318837511e+00 1.017227839403160861e+00 9.990597698046529418e-01
1.000894839757398902e+00 1.009504107707568377e+00 1.008494426327557481e+00 9.940274648750345721e-01 9.928482186831134593e-01 9.931873483069337816e-01 9.986982046940163782e-01 9.968098692886524503e-01 1.006397988653030984e+00 9.991375317066928385e-01 9.963397123101741526e-01
1.009964159253821547e+00 1.008954017741477971e+00 9.944804634004911215e-01 9.933006798021049022e-01 9.936399639741897438e-01 9.991533317705698636e-01 9.972641358123697231e-01 1.006856624677680001e+00 9.995928589934980346e-01 9.967937645737974250e-01 9.968708746129075760e-01
9.944716264017173790e-01 1.010614875529269874e+00 1.003921706773349243e+00 1.004473089096491467e+00 1.001272008387138035e+00 9.991430599727834094e-01 9.900758839922225718e-01 1.001172453245459559e+00 9.994953320125686824e-01 9.953599645890021108e-01 9.927408985540765451e-01
1.010789815737490382e+00 1.004095488375691181e+00 1.004646966144626674e+00 1.001445331319418264e+00 9.993160143782509053e-01 9.902472688446463112e-01 1.001345758944471420e+00 9.996683473972930445e-01 9.955322641302774000e-01 9.929127447278340846e-01 9.828712536851352821e-01
1.006906626890067047e+00 1.007459648616140013e+00 1.004249050261994070e+00 1.002113771930768005e+00 9.930196368797900019e-01 1.004149199117008617e+00 1.002467091366870067e+00 9.983194284213228187e-01 9.956925752224761172e-01 9.856229712935640208e-01 9.935649777485564549e-01
1.002152216484635705e+00 1.004605262612676464e+00 9.998400547625974077e-01 9.955223620845256027e-01 9.949671117785163776e-01 9.976439154925608177e-01 1.002334537480638721e+00 1.005177087554685933e+00 1.000038950394600779e+00 9.977185013545621928e-01 9.943787122005067758e-01
1.005386800472744646e+00 1.000617885504571980e+00 9.962968338551494440e-01 9.957411515892927723e-01 9.984200377366314605e-01 1.003114308818345846e+00 1.005959070268925393e+00 1.000816935868461099e+00 9.984946816230899636e-01 9.951522942627880619e-01 9.935433038213523638e-01
1.001804372177295122e+00 9.974781968235409968e-01 9.969218556552078558e-01 9.996039183025449137e-01 1.004303755635030271e+00 1.007151890272914407e+00 1.002003658565951749e+00 9.996786506982912046e-01 9.963323000887654990e-01 9.947214017804578701e-01 9.700514075846738971e-01
1.002934648314185218e+00 1.005632887441660017e+00 1.010361071175872594e+00 1.013226383933531594e+00 1.008047101397821610e+00 1.005708070575243029e+00 1.002341536927031429e+00 1.000720922714244843e+00 9.759021349503833598e-01 9.751252425700267512e-01 9.707228524146733761e-01
9.892629929029691516e-01 1.008360701681370264e+00 1.016961383358813586e+00 1.010928319821172927e+00 9.939619019169869674e-01 9.884658565523768425e-01 1.001471765430461902e+00 1.000422901811261589e+00 9.937269564662860599e-01 9.964372200582999328e-01 9.933325837454667351e-01
9.929204965497487878e-01 1.010511447543247066e+00 9.968178441565415104e-01 1.002521478128068910e+00 9.939945046585101363e-01 9.892428324197481970e-01 1.001545107120104028e+00 9.943525073614303267e-01 1.009225892382760170e+00 1.008867889679839758e+00 1.023065951420660369e+00
1.007474370227118943e+00 9.938219227643001474e-01 9.995084145476845761e-01 9.910070687716691085e-01 9.862696776140420507e-01 9.985349780084461502e-01 9.913639955027230277e-01 1.006192678783788486e+00 1.005835752052734344e+00 1.019991141727492945e+00 1.018311963697306588e+00
1.001348689034946338e+00 9.991865530260075623e-01 9.989068361297461784e-01 1.000373459856089386e+00 9.912940006017693095e-01 9.896081393080862210e-01 9.931461800499861159e-01 1.001794724085741661e+00 1.003730062611225327e+00 1.020611355296401568e+00 1.016695318748743082e+00
9.976554880902416267e-01 9.973761998073663593e-01 9.988405762094689777e-01 9.897750295139777776e-01 9.880917514847566974e-01 9.916243708465302120e-01 1.000259662619754186e+00 1.002192035603971965e+00 1.019047460892091861e+00 1.015137424931838339e+00 1.009800754229330133e+00
1.017529763968488821e+00 1.013625551338134700e+00 1.008296828694003056e+00 1.001031073914734337e+00 1.000706979043874734e+00 9.938256158556253439e-01 9.969610453039405851e-01 9.906148155071102801e-01 9.874190893386352030e-01 9.899892370354513860e-01 9.911122634484296201e-01
1.016310389362086397e+00 1.010967552277809434e+00 1.003682552349601353e+00 1.003357599033301684e+00 9.964580088523328216e-01 9.996017432611861153e-01 9.932387039048051758e-01 9.900345130650124448e-01 9.926114684338080973e-01 9.937374694600560332e-01 1.009093402918685323e+00
1.011697693131424325e+00 1.004407431831519482e+00 1.004082243827478127e+00 9.971776706253895339e-01 1.000323675501697096e+00 9.939560406318630470e-01 9.907495356617802562e-01 9.933283521589458820e-01 9.944551664055080176e-01 1.009822190224394900e+00 1.011206129869501424e+00
9.834353153520607460e-01 9.863337939318224112e-01 9.878031057880448662e-01 9.931745245411210954e-01 1.012709146104998847e+00 1.001388218688201714e+00 1.007988078501398377e+00 1.011994562743229409e+00 1.004607858329432668e+00 1.010565396019690532e+00 1.008188804164816599e+00
9.975033343679297060e-01 9.970702474931086856e-01 9.997810505243959200e-01 1.002924940430504286e+00 1.007993660891372878e+00 9.980888036616692993e-01 1.000270278290397608e+00 1.001802122606894052e+00 9.987785346104582906e-01 9.957870271232683868e-01 9.787602968409521154e-01
9.989425692994761130e-01 1.001658462740030897e+00 1.004808256316058968e+00 1.009886494938635026e+00 9.999630381366075849e-01 1.002148609189361883e+00 1.003683330038906085e+00 1.000654064278287070e+00 9.976569392684440096e-01 9.805982357941898098e-01 9.836596423055844474e-01
1.003191633189122189e+00 1.006346247939843508e+00 1.011432259476720219e+00 1.001493613514627068e+00 1.003682529872270246e+00 1.005219599814585862e+00 1.002185697362999450e+00 9.991839848578490946e-01 9.820991707869798359e-01 9.851652631850020825e-01 9.874105119489081650e-01
1.007936885358876600e+00 1.013030935878638905e+00 1.003076580828153874e+00 1.005268957001216323e+00 1.006808456446270927e+00 1.003769758588754391e+00 1.000763301557312301e+00 9.836514831183005292e-01 9.867224218018914028e-01 9.889712194205839690e-01 9.875365026602711538e-01
1.015101782362461957e+00 1.005127078534437279e+00 1.007323936381581353e+00 1.008866582884538898e+00 1.005821673294931218e+00 1.002809070438369865e+00 9.856622718740812861e-01 9.887394881967350724e-01 9.909928828267098311e-01 9.895552332061524625e-01 9.797501397266202838e-01
1.008692973888656974e+00 1.010897625541537836e+00 1.012445744900729805e+00 1.009390032867141240e+00 1.006366742181389107e+00 9.891591118171759733e-01 9.922472451986009689e-01 9.945086342101956411e-01 9.930658842314721291e-01 9.832260051630995479e-01 9.841986455981940329e-01
1.013379831368786066e+00 1.014931752053451097e+00 1.011868536880054403e+00 1.008837822663404715e+00 9.915879398699800618e-01 9.946836560001235394e-01 9.969505977332208113e-01 9.955043051579831603e-01 9.856402647852946508e-01 9.866152934877020497e-01 9.891828690707084037e-01
1.017393535355180845e+00 1.014322890153165790e+00 1.011284824741092603e+00 9.939931012294800361e-01 9.970963262214368461e-01 9.993687665698776090e-01 9.979189659174674265e-01 9.880309996701296393e-01 9.890083933683838646e-01 9.915821967737864506e-01 9.940501158618780808e-01
1.011370291799174259e+00 1.002925263848477355e+00 1.006592595430770842e+00 1.000712353746581851e+00 9.937373862169324168e-01 9.944567774868066090e-01 9.966775070590268015e-01 9.915792124073099512e-01 9.980068170142291084e-01 1.003941794990691028e+00 1.006866276892135925e+00
1.003377186428983325e+00 1.007046170527183815e+00 1.001163279179962506e+00 9.941851686989501280e-01 9.949048841297272183e-01 9.971266143725606712e-01 9.920260224066188570e-01 9.984565233207357560e-01 1.004394175624646612e+00 1.007319975310631666e+00 1.010480464811000401e+00
1.006331345358120855e+00 1.000452629826194872e+00 9.934794725728994802e-01 9.941986771326564165e-01 9.964188303388624712e-01 9.913218588936287823e-01 9.977477952862394694e-01 1.003681232904233944e+00 1.006604955788463318e+00 1.009763201898700169e+00 1.011162523813879277e+00
9.999695267028129164e-01 9.929997366794577340e-01 9.937185939464406870e-01 9.959376750749526774e-01 9.908431648785093193e-01 9.972659982856818539e-01 1.003196570738290161e+00 1.006118881801894238e+00 1.009275602843862085e+00 1.010674249048100437e+00 1.018558237987074788e+00
9.911573029852096539e-01 9.918748264685054439e-01 9.940897902647661821e-01 9.890047325353225061e-01 9.954156488752039511e-01 1.001335217612393969e+00 1.004252106555357127e+00 1.007402970547220944e+00 1.008799021672329044e+00 1.016668382483691957e+00 1.010015691926613002e+00
9.855521465039910334e-01 9.907206548574988281e-01 9.958517102519235387e-01 1.011866595555981574e+00 1.013724262326517911e+00 1.009379719072844406e+00 1.008083846688559104e+00 9.956344830892399633e-01 9.916195258755002850e-01 9.975670557779429126e-01 9.953423500083894426e-01
9.897516678328087680e-01 9.948777047327912459e-01 1.010876926473174287e+00 1.012732776328934214e+00 1.008392482311430971e+00 1.007097877371727401e+00 9.946606900319161504e-01 9.906496596984991632e-01 9.965913725431503334e-01 9.943688426755666887e-01 9.975192974710304084e-01
