1.002643332421839339e+00 1.002339501108984177e+00 9.961109591954547815e-01 1.003706742016832409e+00 1.000212681918998481e+00 1.000364597575426062e+00 9.971743687904475184e-01 9.977820314161577331e-01 1.000820344544708806e+00 9.988454410111505810e-01 9.989973566675781624e-01
1.002705084951824865e+00 9.964742712987446627e-01 1.004072824534208541e+00 1.000577490045895024e+00 1.000729461110604346e+00 9.975380687517094724e-01 9.981459530105465383e-01 1.001185374304732090e+00 9.992097504635115701e-01 9.993617215282208921e-01 1.001793258563569378e+00
1.003107577003930162e+00 9.999086006763548973e-01 1.000517929500654990e+00 1.003564573622155010e+00 1.001584254943179930e+00 1.001736587149255175e+00 1.004173902446455324e+00 9.962526277305547850e-01 9.954909667001796691e-01 9.936629802272795020e-01 9.956432989062546923e-01
1.001387427769900196e+00 1.004436719571879300e+00 1.002454679900592893e+00 1.002607144490691882e+00 1.005046577932275254e+00 9.971184192471297392e-01 9.963560962966349077e-01 9.945265212154474899e-01 9.965085608867338962e-01 9.995578526887128890e-01 1.002912073670889637e+00
9.960857182021718437e-01 9.953241847784698448e-01 9.934965045615851142e-01 9.954764914632102668e-01 9.985226251580181511e-01 1.001873372222306768e+00 1.001721065537566346e+00 1.001568758852825924e+00 1.005985652710297273e+00 1.009945626513547579e+00 1.012839453523615152e+00
9.955367880909746781e-01 9.974075954779911823e-01 9.909933987225058027e-01 9.972739663789185194e-01 9.995456610631531236e-01 9.995456610631531236e-01 1.004222679530694551e+00 1.006761632413074148e+00 1.005158083224202858e+00 1.003554534035331569e+00 1.005425341422347962e+00
9.979879275653924520e-01 9.975984941909522563e-01 1.004738106055689029e+00 1.000454338936846987e+00 9.952618939443111934e-01 9.969494385668853376e-01 1.001622639060167685e+00 1.001622639060167685e+00 1.003310183682741608e+00 1.000454338936846987e+00 9.975984941909522563e-01
9.976373455187454997e-01 1.004777235434624716e+00 1.000493301485097186e+00 9.953006542735487461e-01 9.969882646173019447e-01 1.001661647107695563e+00 1.001661647107695563e+00 1.003349257451448873e+00 1.000493301485097186e+00 9.976373455187454997e-01 9.990653235019213430e-01
9.959668529781743329e-01 1.000635447601509576e+00 1.000635447601509576e+00 1.002321328993269312e+00 9.994682989456757927e-01 9.966152688980819407e-01 9.980417839218788112e-01 9.981714671058604660e-01 1.003358794465121662e+00 1.004785309488918532e+00 9.988198830257680738e-01
1.004516145874122302e+00 1.004646670321351243e+00 1.009867648210510005e+00 1.011303417130028359e+00 1.005299292557496171e+00 1.000339363562795292e+00 1.001122510246169162e+00 9.904195055733938657e-01 9.867648210509828433e-01 9.857206254731512018e-01 9.859816743676090844e-01
9.913612015544585043e-01 9.980569267934040756e-01 1.003177187270244630e+00 1.005671673143577305e+00 1.010135489969540945e+00 1.000157546476210246e+00 1.001339145047789092e+00 9.993698140951580156e-01 1.001470433777964297e+00 9.892605818716520005e-01 9.888667156811259407e-01
9.983059528030572283e-01 1.003427490840326231e+00 1.005922599114893234e+00 1.010387529711486598e+00 1.000407096613218805e+00 1.001588990006434754e+00 9.996191676844082830e-01 1.001720311494569859e+00 9.895074130980051619e-01 9.891134486335999565e-01 9.845171965488713761e-01
1.004813002998264260e+00 1.007311556467308522e+00 1.011782652148756068e+00 1.001788438272579018e+00 1.002971963600021166e+00 1.000999421387617883e+00 1.003103466414181355e+00 9.908737046972806439e-01 9.904791962547999651e-01 9.858765977591922303e-01 9.886381568565567601e-01
1.008943507066556000e+00 1.013421846392960957e+00 1.003411440839820257e+00 1.004596883602692392e+00 1.002621145664572389e+00 1.004728599465233518e+00 9.924790242488902292e-01 9.920838766612662951e-01 9.874738214723198793e-01 9.902398545856876400e-01 9.911618656234769675e-01
1.007591990053699371e+00 1.008782371769436415e+00 1.006798402243208379e+00 1.008914636404518284e+00 9.966140253419041306e-01 9.962172314366586345e-01 9.915879692087931074e-01 9.943655265455122461e-01 9.952913789910854403e-01 9.938364680051847699e-01 9.930428801946935558e-01
9.948165869218502655e-01 9.978734715576822456e-01 9.989367357788412338e-01 9.988038277511963603e-01 9.973418394471027515e-01 9.992025518341308699e-01 9.997341839447104750e-01 1.000000000000000222e+00 1.005316321105794941e+00 1.007974481658692412e+00 1.005050505050505194e+00
9.968533000517810772e-01 9.979154772494922554e-01 9.977827050997782887e-01 9.963222114529256546e-01 9.981810215489198557e-01 9.987121101477755003e-01 9.989776544472032116e-01 1.004288540435758215e+00 1.006943983430035772e+00 1.004022996136330503e+00 1.007342299879177450e+00
9.968698604700517718e-01 9.967372274391217424e-01 9.952782640988914187e-01 9.971351265319117196e-01 9.976656586556319484e-01 9.979309247174918962e-01 1.003236245954692851e+00 1.005888906573293218e+00 1.002970979892832792e+00 1.006286805666083417e+00 1.005358374449573100e+00
9.958918632388021885e-01 9.944341372912802735e-01 9.962894248608534786e-01 9.968195070235887911e-01 9.970845481049563919e-01 1.002385369732308629e+00 1.005035780545984636e+00 1.002120328650941028e+00 1.005433342168036148e+00 1.004505698383249435e+00 9.976146302676915933e-01
9.977850162866448436e-01 9.975244299674267401e-01 1.000912052117263862e+00 9.993485342019543527e-01 9.997394136807816745e-01 1.001693811074918505e+00 1.001824104234527724e+00 1.001172638436482076e+00 9.989576547231271419e-01 1.001042345276872858e+00 1.003127035830618796e+00
9.969918349806619062e-01 1.000377648422341226e+00 9.988149652954122493e-01 9.992056360771444101e-01 1.001158989985805547e+00 1.001289213579716453e+00 1.000638095610162592e+00 9.984242945136800884e-01 1.000507872016251909e+00 1.002591449518823730e+00 9.960802698232865682e-01
1.000468847676599493e+00 9.989060220879351082e-01 9.992967284851010934e-01 1.001250260470931464e+00 1.001380495936653459e+00 1.000729318608043483e+00 9.985153156907691230e-01 1.000599083142321266e+00 1.002682850593873853e+00 9.961710773077725456e-01 1.000729318608043483e+00
9.988800041674265051e-01 9.992707003880916261e-01 1.001224181491417786e+00 1.001354413564972790e+00 1.000703253197197551e+00 9.984893079467612731e-01 1.000573021123642325e+00 1.002656734300523711e+00 9.961451306227698810e-01 1.000703253197197551e+00 1.001875341859193247e+00
9.989714746969756698e-01 1.000924370841958622e+00 1.001054563918290841e+00 1.000403598536629968e+00 9.981903162389825779e-01 1.000273405460297749e+00 1.002356494681612809e+00 9.958468408650028580e-01 1.000403598536629968e+00 1.001575336223619717e+00 1.001054563918290841e+00
1.001210984804093762e+00 1.000559917705118540e+00 9.983462895686029404e-01 1.000429704285323629e+00 1.002513119002044206e+00 9.960024480122920965e-01 1.000559917705118540e+00 1.001731838483274073e+00 1.001210984804093762e+00 9.974347956300375628e-01 9.978254358894226295e-01
1.000898776881895547e+00 9.986843990569357343e-01 1.000768519362780218e+00 1.002852639668625034e+00 9.963397637128603712e-01 1.000898776881895547e+00 1.002071094553933062e+00 1.001550064477471969e+00 9.977725964231286548e-01 9.981633689804744192e-01 9.980331114613593124e-01
1.004979806297298328e+00 1.001189402553948060e+00 1.001581513286018632e+00 1.001450809708661849e+00 1.000666588244520483e+00 1.001189402553948060e+00 9.981832202747390470e-01 9.967454809238129876e-01 9.990981453162374182e-01 9.949156308408162452e-01 9.923015592936780260e-01
1.004417760182478414e+00 1.003631215342867922e+00 1.004155578569274843e+00 1.001140490017434992e+00 9.996984911448160149e-01 1.002058125663647159e+00 9.978632198523917918e-01 9.952414037203570762e-01 9.957657669467639971e-01 9.960279485599673466e-01 1.002189216470248834e+00
1.003854928801825031e+00 1.004379408910917038e+00 1.001363648283638774e+00 9.999213279836360879e-01 1.002281488474549453e+00 9.980856476018146184e-01 9.954632470563553603e-01 9.959877271654471453e-01 9.962499672199930378e-01 1.002412608501822566e+00 1.000183568038182091e+00
1.004748288255200794e+00 1.001731420026758412e+00 1.000288570004459698e+00 1.002649597313675534e+00 9.984522154306252339e-01 9.958288517537187134e-01 9.963535244890999731e-01 9.966158608567905475e-01 1.002780765497520932e+00 1.000550906372150273e+00 1.003043101865211728e+00
1.001902263037061314e+00 1.000459166939980271e+00 1.002820596917021856e+00 9.986224991800590756e-01 9.959986880944572407e-01 9.965234503115776299e-01 9.967858314201376579e-01 1.002951787471302092e+00 1.000721548048540521e+00 1.003214168579862342e+00 1.009380124631026554e+00
9.997115964447708114e-01 1.002071261896646748e+00 9.978763010933118238e-01 9.952544505912274131e-01 9.957788206916442508e-01 9.960410057418526142e-01 1.002202354421750874e+00 9.999737814949791748e-01 1.002464539471959348e+00 1.008625888151857719e+00 1.007052777850607095e+00
9.984627009562518918e-01 1.003152765835482851e+00 1.002631647515568325e+00 1.001719690455717737e+00 1.001328851715781898e+00 1.000156335495974158e+00 9.992443784361236814e-01 9.992443784361236814e-01 9.993746580161023685e-01 9.946845931368715199e-01 9.955965501967219966e-01
1.003440366972477182e+00 1.002919099249374613e+00 1.002006880733945060e+00 1.001615929941618077e+00 1.000443077564637351e+00 9.995308590492077983e-01 9.995308590492077983e-01 9.996611759799834962e-01 9.949697664720601464e-01 9.958819849874898100e-01 9.961426188490409839e-01
1.003651538862806447e+00 1.002738654147104835e+00 1.002347417840375732e+00 1.001173708920187977e+00 1.000260824204486143e+00 1.000260824204486143e+00 1.000391236306729326e+00 9.956964006259781952e-01 9.966092853416798070e-01 9.968701095461659500e-01 9.968701095461659500e-01
1.003419115727932409e+00 1.003027613927024220e+00 1.001853108524299207e+00 1.000939604322179877e+00 1.000939604322179877e+00 1.001070104922482606e+00 9.963720833115832232e-01 9.972855875137026649e-01 9.975465887143081245e-01 9.975465887143081245e-01 9.984600929164274552e-01
1.003525264394829586e+00 1.002350176263219872e+00 1.001436218827523206e+00 1.001436218827523206e+00 1.001566784175479841e+00 9.968664316490404298e-01 9.977803890847369850e-01 9.980415197806502547e-01 9.980415197806502547e-01 9.989554772163468099e-01 9.985637811724767943e-01
1.002847737485630608e+00 1.001933326366391430e+00 1.001933326366391430e+00 1.002063956526282773e+00 9.973612707701953184e-01 9.982756818894346074e-01 9.985369422092170710e-01 9.985369422092170710e-01 9.994513533284563600e-01 9.990594628487823314e-01 9.981450517295432645e-01
1.002797897654472692e+00 1.002928640535522886e+00 9.982218968177182239e-01 9.991370969850692507e-01 9.993985827471694172e-01 9.993985827471694172e-01 1.000313782914520333e+00 9.999215542713698612e-01 9.990063541040190565e-01 9.988756112229688622e-01 9.999215542713698612e-01
1.002175860744912494e+00 1.001663893510815306e+00 1.000000000000000000e+00 1.000639959042621374e+00 1.001535901702291120e+00 1.000895942659669746e+00 1.000383975425572780e+00 1.000383975425572780e+00 9.991040573403302538e-01 9.932164341482145886e-01 9.886087290413413387e-01
1.004832656418692904e+00 1.005732353092385845e+00 1.005089712611176633e+00 1.004575600226209398e+00 1.004575600226209398e+00 1.003290319263790975e+00 9.973780268366664314e-01 9.927510153719601993e-01 9.919798467945091236e-01 9.897948691583979830e-01 9.917227906020255057e-01
1.007052585519034205e+00 1.006409101438830334e+00 1.005894314174667237e+00 1.005894314174667237e+00 1.004607346014259495e+00 9.986872924763839920e-01 9.940542070989162315e-01 9.932820262026715863e-01 9.910941803299785358e-01 9.930246325705901489e-01 9.891637280893669226e-01
1.008212678725680878e+00 1.007696968915591018e+00 1.007696968915591018e+00 1.006407694390366370e+00 1.000477031574332987e+00 9.958356432835241412e-01 9.950620785683893521e-01 9.928703118755075607e-01 9.948042236633445334e-01 9.909364000876705880e-01 9.910653275401930529e-01
1.009427870334495658e+00 1.009427870334495658e+00 1.008136381247578539e+00 1.002195531447759302e+00 9.975461707348572959e-01 9.967712772827069800e-01 9.945757458349477886e-01 9.965129794653235784e-01 9.926385122045719989e-01 9.927676611132637552e-01 9.927676611132637552e-01
1.011428127186503989e+00 1.005467879447510926e+00 1.000803337738733756e+00 1.000025914120604265e+00 9.978232138692374464e-01 9.997667729145611748e-01 9.958796548239136071e-01 9.960092254269352630e-01 9.960092254269352630e-01 9.967866490450646433e-01 9.969162196480862992e-01
1.006929125684478121e+00 1.002257804998313073e+00 1.001479251550618788e+00 9.992733501154853482e-01 1.001219733734720840e+00 9.973269664962498560e-01 9.974567254041989406e-01 9.974567254041989406e-01 9.982352788518930042e-01 9.983650377598420889e-01 1.000181662471128385e+00
1.000870774469412305e+00 1.002820269550186438e+00 9.989212793886382835e-01 9.990512457273565960e-01 9.990512457273565960e-01 9.998310437596661382e-01 9.999610100983844507e-01 1.001780538840440160e+00 9.987913130499199710e-01 9.989212793886382835e-01 1.000220942775821076e+00
1.002885440224596358e+00 9.989861966778443847e-01 9.991161714627361246e-01 9.991161714627361246e-01 9.998960201720864527e-01 1.000025994956978082e+00 1.001845641945462440e+00 9.988562218929526448e-01 9.989861966778443847e-01 1.000285944526761783e+00 1.000285944526761783e+00
9.992459502327153409e-01 9.993759588132816729e-01 9.993759588132816729e-01 1.000156010296679332e+00 1.000286018877245775e+00 1.002106139005174201e+00 9.991159416521490089e-01 9.992459502327153409e-01 1.000546036038378439e+00 1.000546036038378439e+00 9.982058815881846847e-01
9.994799115849692939e-01 9.994799115849692939e-01 1.000260044207515131e+00 1.000390066311272808e+00 1.002210375763879613e+00 9.992198673774539408e-01 9.993498894812116173e-01 1.000650110518787939e+00 1.000650110518787939e+00 9.983097126511504271e-01 9.959693147835130267e-01
9.998309119051025373e-01 1.000611318496936741e+00 1.000741386262242516e+00 1.002562334976522695e+00 9.995707763744910990e-01 9.997008441397967626e-01 1.001001521792854065e+00 1.001001521792854065e+00 9.986603020173508982e-01 9.963190822418479531e-01 9.934575914051219092e-01
1.002540882142159084e+00 1.004365105218581133e+00 1.001368167307316481e+00 1.001498468955632326e+00 1.002801485438790996e+00 1.002801485438790996e+00 1.000456055769105568e+00 9.981106260994202506e-01 9.952439898364714432e-01 9.908137337937324984e-01 9.934197667600496162e-01
1.000130770236693944e+00 1.000000000000000000e+00 1.001961553550411832e+00 1.000915391656858722e+00 1.002092323787105999e+00 1.000392310710082278e+00 9.964692036092585026e-01 9.972538250294232798e-01 1.000653851183470611e+00 1.000130770236693944e+00 9.967307440826468357e-01
1.000340118256501709e+00 1.002302338967087092e+00 1.001255821254774858e+00 1.002433153681126177e+00 1.000732562398618741e+00 9.968081209774476426e-01 9.975930092616818179e-01 1.000994191826696911e+00 1.000470932970540572e+00 9.970697504055257010e-01 9.949767149809011224e-01
1.002840202609845299e+00 1.001793123306676359e+00 1.002971087522741334e+00 1.001269583655092221e+00 9.973430362682094152e-01 9.981283457455859542e-01 1.001531353480884290e+00 1.001007813829299931e+00 9.976048060940015949e-01 9.955106474876641576e-01 9.902752509718205642e-01
1.003053455122072668e+00 1.004232901306564063e+00 1.002529256817854098e+00 9.985977695362154849e-01 9.993840669925432296e-01 1.002791355969963494e+00 1.002267157665744923e+00 9.988598686883247701e-01 9.967630754714508212e-01 9.915210924292660044e-01 9.920452907334844639e-01
1.005339595660102558e+00 1.003634073704787300e+00 9.996982538079057790e-01 1.000485417787281950e+00 1.003896461697912690e+00 1.003371685711661687e+00 9.999606418010311693e-01 9.978615378560277138e-01 9.926137779935190197e-01 9.931385539797699114e-01 9.960248219041496487e-01
1.004569807752915267e+00 1.000630318310747002e+00 1.001418216199180700e+00 1.004832440382393166e+00 1.004307175123437368e+00 1.000892950940224901e+00 9.987918899044018195e-01 9.935392373148440592e-01 9.940645025737997464e-01 9.969534614980566367e-01 9.977413593864901120e-01
1.001314060446780507e+00 1.002102496714848856e+00 1.005519053876478441e+00 1.004993429697766061e+00 1.001576872536136698e+00 9.994743758212878415e-01 9.942181340341655904e-01 9.947437582128777489e-01 9.976346911957950647e-01 9.984231274638633025e-01 9.993429697766097464e-01
1.002300059144377808e+00 1.005717289873168108e+00 1.005191562068738609e+00 1.001774331339948532e+00 9.996714201222315355e-01 9.944141420779389895e-01 9.949398698823682663e-01 9.978313728067291777e-01 9.986199645133729819e-01 9.995399881711242163e-01 1.000065715975553493e+00
9.951782467789107578e-01 9.959686981266303585e-01 9.974178589307829412e-01 9.972861170394963226e-01 9.951782467789107578e-01 9.982083102785025419e-01 9.991305035175085392e-01 1.004531921060258792e+00 1.008088952124996940e+00 1.009011145364002937e+00 1.004268437277685555e+00
9.938296780644396700e-01 9.968556355168467498e-01 9.977765790893182718e-01 1.003170677156652424e+00 1.006722888079043310e+00 1.007643831651514832e+00 1.002907550421660465e+00 1.000013156336749587e+00 9.967240721493507705e-01 9.943559315344234761e-01 9.948821850044073933e-01
1.003838581283021059e+00 1.006529837533109539e+00 1.000864034901344235e+00 9.991642941118146215e-01 9.929319112168727424e-01 9.963313927959318583e-01 9.974645533222851190e-01 1.008512868454227274e+00 1.000014164506579428e+00 9.943483618748141240e-01 9.786257595716653102e-01
1.009073997813152213e+00 1.003393873986452967e+00 1.001689836838443037e+00 9.954417006290736669e-01 9.988497749250933033e-01 9.999857996904332191e-01 1.011062041152497093e+00 1.002541855412447891e+00 9.968617315857485339e-01 9.810993879666576323e-01 9.772653043836355691e-01
9.932828355009288845e-01 9.981420608832355379e-01 1.005573817350293053e+00 1.004001715020722996e+00 1.007860511647849178e+00 9.997141632128053734e-01 9.935686722881235111e-01 1.000714591967986289e+00 9.981420608832355379e-01 9.989995712448191956e-01 1.003001286265542191e+00
9.971729632485222261e-01 1.004597504211999226e+00 1.003026928238955895e+00 1.006881978354607465e+00 9.987435392215654462e-01 9.926040149633057474e-01 9.997429966589566064e-01 9.971729632485222261e-01 9.980296410520003159e-01 1.002027470801564846e+00 1.004311944944173085e+00
1.003880835521059334e+00 1.002311379979454298e+00 1.006163679945211831e+00 9.980310466841685324e-01 9.918959022942587245e-01 9.990297911197352221e-01 9.964615911425636074e-01 9.973176578016208493e-01 1.001312635543887719e+00 1.003595479968040216e+00 9.953201689304874700e-01
1.003170160507225628e+00 1.007025761124121788e+00 9.988861598217856352e-01 9.927457588393214793e-01 9.998857599817216890e-01 9.973153595704575824e-01 9.981721597075455810e-01 1.002170560347289685e+00 1.004455360712857681e+00 9.961729593876735844e-01 9.956017592962815854e-01
1.007788495891389635e+00 9.996427295462663176e-01 9.934976777420506666e-01 1.000643086816720206e+00 9.980707395498390477e-01 9.989281886387993969e-01 1.002929617720614175e+00 1.005216148624508588e+00 9.969274740978919525e-01 9.963558413719184603e-01 9.960700250089316032e-01
1.000815532313679368e+00 9.946632709999571054e-01 1.001817063225215687e+00 9.992416980241224378e-01 1.000100153091153521e+00 1.004106276737298353e+00 1.006395490249381020e+00 9.980970912680811047e-01 9.975247878900604936e-01 9.972386362010501326e-01 9.952355743779777164e-01
1.002175531001316733e+00 9.995992442892309704e-01 1.000458006526592891e+00 1.004465563634281633e+00 1.006755596267246755e+00 9.984542279727485203e-01 9.978817198145073508e-01 9.975954657353865995e-01 9.955916871815422287e-01 9.970229575771454300e-01 9.955916871815422287e-01
1.001362298035654241e+00 9.998974614381767045e-01 1.002827134633131667e+00 9.996044941186811306e-01 1.003999003911113741e+00 9.993115267991856676e-01 9.993115267991856676e-01 9.975537228822125568e-01 1.001655265355149593e+00 9.944775660275096962e-01 9.952099843262484091e-01
1.000513008427995842e+00 1.003444485159399324e+00 1.000219860754855361e+00 1.004617075851960584e+00 9.999267130817151017e-01 9.999267130817151017e-01 9.981678270428729904e-01 1.002271894466837843e+00 9.950897764748993790e-01 9.958226456577502494e-01 9.940637596189082492e-01
1.004092049104589268e+00 1.000865343717457945e+00 1.005265396518091547e+00 1.000572006864082431e+00 1.000572006864082431e+00 9.988119857438290117e-01 1.002918701691086989e+00 9.957319487833854454e-01 9.964652909168243422e-01 9.947052697965710344e-01 9.979319751837022467e-01
1.000044054804176463e+00 1.004155836527306667e+00 9.969602185118288107e-01 9.976944652481020137e-01 9.959322730810463709e-01 9.991629587206485308e-01 9.985755613316300572e-01 1.006211727388871990e+00 9.991629587206485308e-01 1.002099945665741565e+00 1.008855015639455566e+00
9.999224264991077860e-01 9.983709564812659476e-01 9.969746334652082043e-01 1.000077573500891992e+00 9.982158094794816305e-01 9.968194864634239982e-01 9.975952214723449174e-01 1.005352571561554553e+00 1.005042277557985919e+00 1.001629043518733830e+00 9.944922814366611297e-01
9.980585540110273879e-01 1.001164867593383523e+00 9.993010794439698419e-01 9.979032383319095256e-01 9.986798167274986149e-01 1.006445600683389063e+00 1.006134969325153339e+00 1.002718024384561701e+00 9.955735031451424799e-01 9.940203463539644124e-01 9.952628717869067554e-01
1.001444839747075433e+00 9.995805303960103583e-01 9.981822983827116635e-01 9.989590939456554075e-01 1.006727049575092847e+00 1.006416331349915261e+00 1.002998430872962921e+00 9.958519116938804316e-01 9.942983205679929437e-01 9.955411934687028452e-01 9.961626299190580180e-01
1.000108808853931830e+00 9.987098378748076044e-01 9.994870439743210877e-01 1.007259104969455699e+00 1.006948222529650216e+00 1.003528515691791023e+00 9.963782195762671545e-01 9.948238073772401879e-01 9.960673371364616724e-01 9.966891020160726367e-01 9.979326317752941211e-01
1.019472008987081013e+00 1.016039443300255973e+00 1.014167134743805931e+00 1.009174311926605450e+00 1.006209823378892976e+00 1.005429694813705366e+00 1.009174311926605450e+00 9.634587780066155016e-01 9.723522436497535892e-01 9.845222492666791947e-01 9.785932721712539140e-01
1.020209932633558081e+00 1.018329938900203846e+00 1.013316622277925738e+00 1.010339965533448181e+00 1.009556634811217268e+00 1.013316622277925738e+00 9.674134419551935204e-01 9.763434121886261918e-01 9.885633714554286078e-01 9.826100579664736046e-01 9.907566974776751412e-01
1.021338110053109594e+00 1.016309983972848219e+00 1.013324534112692854e+00 1.012538889412652132e+00 1.016309983972848219e+00 9.702712045504541249e-01 9.792275541309199971e-01 9.914836114515571674e-01 9.855127117312467711e-01 9.936834166116715883e-01 9.779705226108544869e-01
1.020736672663573597e+00 1.017738219234289865e+00 1.016949152542373058e+00 1.020736672663573597e+00 9.744973645172492205e-01 9.834927248051008597e-01 9.958021651990028866e-01 9.898052583404352012e-01 9.980115519363698118e-01 9.822302180980337916e-01 9.885427516333682441e-01
1.023100738271017107e+00 1.026911169326029993e+00 9.803921568627452787e-01 9.894419306184014662e-01 1.001825831547193957e+00 9.957926490434232392e-01 1.004048582995951566e+00 9.881717869333969118e-01 9.945225053584187958e-01 9.957926490434232392e-01 9.948400412796699621e-01
1.029821516709920948e+00 9.831706656901302299e-01 9.922460872195776327e-01 1.004665085101979161e+00 9.986148040823477068e-01 1.006894136003948725e+00 9.909723438470234846e-01 9.973410607097935587e-01 9.986148040823477068e-01 9.976594965529321790e-01 9.941567022784085772e-01
9.866896761101258129e-01 9.957975808126809936e-01 1.008261029353019200e+00 1.002189092884649302e+00 1.010498058578208180e+00 9.945192783982871321e-01 1.000910790470255662e+00 1.002189092884649302e+00 1.001230366073854183e+00 9.977150344342713417e-01 9.906843711551061027e-01
1.005997128135822205e+00 1.004476729453501083e+00 1.009206858687389019e+00 1.003463130331953668e+00 9.906242081256861898e-01 9.838668806487033125e-01 9.858940788917982534e-01 9.946786046118758495e-01 1.009882591435087296e+00 1.011909789678182126e+00 1.005490328575048498e+00
1.004527638870117645e+00 1.009258007838897075e+00 1.003513988376807831e+00 9.906744154615488851e-01 9.839167455061494927e-01 9.859440464927694547e-01 9.947290174347884761e-01 1.009933774834437026e+00 1.011961075821056877e+00 1.005541289363427682e+00 9.994593864035681285e-01
1.009769784659071634e+00 1.004022852506676555e+00 9.911767688719109737e-01 9.844156722220344102e-01 9.864440012169973793e-01 9.952334268618369117e-01 1.010445894324059291e+00 1.012474223319022260e+00 1.006051181501639524e+00 9.999661945167506172e-01 9.911767688719109737e-01
1.005893111156268782e+00 9.930230982862560118e-01 9.862494073020386942e-01 9.882815145973039561e-01 9.970873128767863136e-01 1.012328117591275278e+00 1.014360224886540429e+00 1.007925218451534155e+00 1.001828896565738480e+00 9.930230982862560118e-01 9.964099437783646707e-01
9.939656925893282091e-01 9.871855719031800147e-01 9.892196081090245396e-01 9.980337650010170369e-01 1.013289036544850585e+00 1.015323072750694999e+00 1.008881958098854392e+00 1.002779849481320928e+00 9.939656925893282091e-01 9.973557529324023063e-01 9.975252559495559890e-01
9.868343019807853667e-01 9.888676144161854253e-01 9.976786349695851985e-01 1.012928478235084917e+00 1.014961790670485087e+00 1.008522967958385141e+00 1.002423030652185298e+00 9.936120100987853032e-01 9.970008641577852160e-01 9.971703068607352671e-01 1.002423030652185298e+00
9.873284948146644480e-01 9.961258014853913156e-01 1.011351909184726283e+00 1.013382056877971227e+00 1.006953255849363016e+00 1.000862812769629073e+00 9.920655060989019836e-01 9.954490855876431121e-01 9.956182645620801352e-01 1.000862812769629073e+00 9.959566225109544035e-01
1.009189867408186281e+00 1.003085896435959246e+00 9.942690494760758613e-01 9.976601444606463254e-01 9.978296992098749651e-01 1.003085896435959246e+00 9.981688087083320227e-01 9.979992539591034939e-01 1.000712129946759843e+00 9.979992539591034939e-01 9.891824069992201096e-01
1.005096839959225274e+00 9.962623173632346729e-01 9.996602106693849299e-01 9.998301053346924094e-01 1.005096839959225274e+00 1.000169894665307480e+00 1.000000000000000000e+00 1.002718314644920117e+00 1.000000000000000000e+00 9.911654774040093985e-01 9.884471627590892817e-01
9.979238283244272756e-01 1.001327388448316924e+00 1.001497566454511379e+00 1.006773084646540362e+00 1.001837922466900510e+00 1.001667744460705833e+00 1.004390592559817552e+00 1.001667744460705833e+00 9.928184881385929694e-01 9.900956400394812507e-01 9.914570640890371100e-01
1.001975342279136205e+00 1.002145630406648058e+00 1.007424562359512388e+00 1.002486206661671542e+00 1.002315918534159911e+00 1.005040528574347780e+00 1.002315918534159911e+00 9.934609359035487808e-01 9.907363258633606895e-01 9.920986308834548462e-01 9.927797833935018135e-01
1.003068007499573699e+00 1.008351798193284354e+00 1.003408897221748752e+00 1.003238452360661226e+00 1.005965570138060317e+00 1.003238452360661226e+00 9.943753195841144032e-01 9.916482018067154236e-01 9.930117606954149689e-01 9.936935401397647416e-01 1.018237600136355780e+00
1.006824486461648682e+00 1.001889072312326823e+00 1.001718885617522536e+00 1.004441872734389785e+00 1.001718885617522536e+00 9.928691774877040910e-01 9.901461903708368428e-01 9.915076839292705779e-01 9.921884307084873900e-01 1.016695314760292179e+00 1.019077928487550855e+00
1.016326460540095011e+00 1.007399268656972602e+00 1.006025854521107599e+00 9.840512283472678812e-01 9.811327233085546107e-01 9.771841576679428654e-01 9.902315919586601733e-01 1.006712561589040211e+00 1.006025854521107599e+00 1.024910298889251337e+00 1.013579632268365005e+00
1.008412197686645584e+00 1.006309148264984188e+00 1.003855590606379078e+00 1.006659656501927680e+00 9.943918682089027961e-01 9.901857693655800041e-01 9.992989835261129050e-01 9.947423764458465101e-01 9.982474588152822070e-01 9.978969505783384930e-01 9.922888187872415111e-01
9.983987612394640276e-01 9.941757139589305625e-01 1.003325649733419977e+00 9.987506818461752145e-01 1.002269887913286528e+00 1.001917967306575230e+00 9.962872375991973506e-01 1.002621808519997604e+00 1.001390086396508616e+00 1.000862205486441781e+00 9.952314757790640121e-01
9.944906975516166758e-01 1.003643532290144913e+00 9.990671149208808499e-01 1.002587435974160890e+00 1.002235403868832808e+00 9.966028901835848330e-01 1.002939468079488750e+00 1.001707355710840908e+00 1.001179307552848785e+00 9.955467938676008099e-01 9.927305370249767114e-01
1.009338507610795022e+00 1.008984105044920421e+00 1.003313663990927251e+00 1.009692910176669622e+00 1.008452501196108519e+00 1.007920897347296618e+00 1.002250456293303449e+00 9.994152357663068642e-01 9.792142895114560597e-01 9.714174330622153963e-01 9.795686920773304385e-01
1.011996800853105949e+00 1.006309428596818822e+00 1.012707722385141729e+00 1.011463609704079003e+00 1.010930418555052057e+00 1.005243046298764931e+00 1.002399360170621145e+00 9.821380965075980907e-01 9.743179596552031807e-01 9.824935572736158695e-01 9.903136941260110016e-01
1.016066620303500478e+00 1.014818381212218679e+00 1.014283421601668955e+00 1.008577185755808792e+00 1.005724067832878710e+00 9.853956026320014328e-01 9.775495283439434857e-01 9.857522423723675820e-01 9.935983166604256400e-01 9.982346332851869120e-01 1.015353340822767958e+00
1.000839026728994385e+00 1.004777315456927056e+00 1.002722556120614339e+00 1.004777315456927056e+00 1.001010256673687149e+00 9.931336792178215855e-01 9.893666204345815673e-01 9.948459786647488867e-01 1.005804695125083414e+00 1.002722556120614339e+00 1.001695176452457980e+00
1.004691298839160085e+00 1.002636715405951451e+00 1.004691298839160085e+00 1.000924562544943885e+00 9.930486593843097509e-01 9.892819230900933292e-01 9.947608122453172053e-01 1.005718590555764624e+00 1.002636715405951451e+00 1.001609423689346912e+00 1.003321576550354255e+00
1.002684516961266148e+00 9.967576613324963253e-01 9.869957814733465451e-01 9.897848900045320697e-01 9.974549384652929840e-01 1.005822264058850113e+00 1.005473625492451673e+00 1.001638601262071493e+00 1.008262734023637419e+00 1.005124986926053676e+00 1.008437053306836750e+00
9.961846025192075960e-01 9.864283349884145347e-01 9.892158399972124094e-01 9.968814787714072034e-01 1.005243993797801272e+00 1.004895555671701413e+00 1.001062736284604293e+00 1.007683060680499620e+00 1.004547117545601775e+00 1.007857279743549439e+00 1.001411174410703930e+00
9.859130404499468758e-01 9.886990893102786115e-01 9.963607236761914399e-01 1.004718870257186980e+00 1.004370614149645347e+00 1.000539796966689154e+00 1.007156663009977304e+00 1.004022358042104157e+00 1.007330791063748121e+00 1.000888053074230566e+00 9.994950286440646980e-01
9.873580607578208435e-01 9.950093032152609318e-01 1.003356113168831776e+00 1.003008329420766120e+00 9.991827081920463538e-01 1.005790599405289809e+00 1.002660545672700909e+00 1.005964491279322637e+00 9.995304919401116761e-01 9.981393569478499428e-01 9.998782756881772205e-01
1.005213764337852034e+00 1.002085505735140991e+00 1.005387556482447264e+00 9.989572471324297265e-01 9.975669099756693248e-01 9.993048314216199657e-01 1.005561348627042273e+00 1.005387556482447264e+00 9.913103927702470175e-01 9.892248870351063594e-01 9.923531456378174020e-01
1.003375909233285901e+00 1.006682212090627582e+00 1.000243622315803993e+00 9.988514947969234781e-01 1.000591654195524427e+00 1.006856228030487799e+00 1.006682212090627582e+00 9.925869209619601063e-01 9.904987296836391675e-01 9.936310166011207423e-01 1.002331813594125265e+00
9.963040334243934426e-01 9.991608191833165620e-01 1.000589212062777955e+00 9.963040334243934426e-01 9.934472476654704343e-01 9.989822700733838046e-01 1.000232113842912662e+00 1.001303408502508541e+00 1.004517292481297064e+00 1.009159569339546980e+00 1.010945060438873888e+00
1.023206956251094146e+00 1.018732857392961932e+00 9.998638317738828274e-01 9.994747796992625721e-01 9.969459412142314125e-01 9.990857276246425389e-01 9.936389985799598534e-01 9.944171027292001419e-01 9.872196393487266963e-01 9.874141653860368795e-01 9.862470091621762247e-01
1.022512056543725567e+00 1.003573032391588571e+00 1.003182537048245448e+00 1.000644317316515819e+00 1.002792041704902548e+00 9.973251068981001666e-01 9.981060975847861894e-01 9.908819337329400900e-01 9.910771814046116512e-01 9.899056953745825060e-01 9.879532186578673381e-01
1.007053291536050166e+00 1.006661442006269613e+00 1.004114420062695912e+00 1.006269592476489061e+00 1.000783699059561105e+00 1.001567398119122210e+00 9.943181818181818787e-01 9.945141065830721550e-01 9.933385579937304977e-01 9.913793103448276245e-01 9.917711598746081769e-01
1.006441223832528209e+00 1.008601390361729910e+00 1.003102784651034973e+00 1.003888299752562885e+00 9.966222850634304242e-01 9.968186638388124576e-01 9.956403911865205902e-01 9.936766034327010333e-01 9.940693609834649891e-01 1.001138996897215527e+00 1.004281057303326730e+00
1.008819312132937851e+00 1.003319518375203723e+00 1.004105203197737106e+00 9.968376185893028651e-01 9.970340397949363220e-01 9.958555125611360248e-01 9.938913005048024552e-01 9.942841429160691469e-01 1.001355306318870264e+00 1.004498045609003798e+00 9.997839366738032751e-01
1.004226875061437152e+00 1.005013270421704519e+00 9.977391133392313760e-01 9.979357121792982177e-01 9.967561191388971675e-01 9.947901307382286396e-01 9.951833284183623229e-01 1.002260886660768735e+00 1.005406468101838202e+00 1.000688095940234001e+00 9.967561191388971675e-01
1.005764652645247503e+00 9.984850571546617370e-01 9.986818029787316586e-01 9.975013280343122402e-01 9.955338697936134684e-01 9.959273614417532006e-01 1.003010211108269045e+00 1.006158144293387124e+00 1.001436244515709895e+00 9.975013280343122402e-01 9.986818029787316586e-01
9.991927703727038201e-01 9.993896556476541404e-01 9.982083439979523298e-01 9.962394912484494602e-01 9.966332617983499897e-01 1.003721131696560409e+00 1.006871296095764867e+00 1.002146049496958069e+00 9.982083439979523298e-01 9.993896556476541404e-01 9.997834261975546699e-01
9.993306296019214274e-01 9.981493877229592471e-01 9.961806512580224648e-01 9.965743985510098213e-01 1.003661849824782459e+00 1.006811828168681089e+00 1.002086860652832812e+00 9.981493877229592471e-01 9.993306296019214274e-01 9.997243768949087839e-01 1.009961806512580162e+00
9.970893643801131967e-01 9.951227186910005518e-01 9.955160478288230808e-01 1.002595972309628714e+00 1.005742605412208945e+00 1.001022655758338598e+00 9.970893643801131967e-01 9.982693517935808947e-01 9.986626809314034237e-01 1.008889238514789177e+00 1.005742605412208945e+00
9.942623595064058462e-01 9.946553485813095508e-01 1.001729151929576567e+00 1.004873064528806204e+00 1.000157195629961526e+00 9.962273048809243692e-01 9.974062721056355940e-01 9.977992611805392986e-01 1.008016977128035840e+00 1.004873064528806204e+00 1.001729151929576567e+00
9.939132142155899796e-01 1.000981739642646806e+00 1.004123306499116408e+00 9.994109562144118941e-01 9.954839976438247806e-01 9.966620852150009924e-01 9.970547810720596926e-01 1.007264873355586010e+00 1.004123306499116408e+00 1.000981739642646806e+00 1.004516002356175219e+00
1.001143037326081009e+00 9.972015293051121887e-01 9.944424736904340367e-01 9.952307752946277786e-01 9.991722833155965988e-01 9.999605849197903407e-01 1.006266997753340497e+00 9.995664341176935253e-01 1.005872846951243682e+00 1.001143037326081009e+00 1.003113791336565530e+00
9.970050441361917315e-01 9.942465321563682679e-01 9.950346784363177655e-01 9.989754098360655865e-01 9.997635561160150841e-01 1.006068726355611620e+00 9.993694829760403353e-01 1.005674653215636871e+00 1.000945775535939442e+00 1.002916141235813408e+00 1.007645018915510615e+00
9.931897807345591023e-01 9.939770893201591573e-01 9.979136322481597654e-01 9.987009408337598204e-01 1.004999409518561038e+00 9.983072865409597929e-01 1.004605755225760788e+00 9.998819037121601250e-01 1.001850175176160374e+00 1.006574026689761148e+00 1.007361335275361203e+00
9.925704626754195958e-01 9.965014348048272241e-01 9.972876292307086832e-01 1.003577184637760800e+00 9.968945320177678981e-01 1.003184087424820126e+00 9.984669208695309273e-01 1.000432406934234741e+00 1.005149573489523940e+00 1.005935767915405510e+00 1.010259837257753812e+00
9.947417987757023461e-01 9.955266049285825813e-01 1.001805054151624574e+00 9.951342018521425192e-01 1.001412651075184401e+00 9.967038141579029897e-01 9.986658295401036334e-01 1.003374666457385045e+00 1.004159472610265169e+00 1.008475906451106630e+00 1.005729084916025862e+00
9.997258879273213106e-01 9.930688804479774756e-01 9.993342992520656276e-01 9.946352351489995414e-01 9.965931785252771791e-01 1.001292242628343265e+00 1.002075419978854409e+00 1.006382895406664923e+00 1.003641774679876475e+00 1.003250186004620792e+00 1.007166072757175845e+00
9.923305681640318676e-01 9.985913288464547399e-01 9.938957583346376135e-01 9.958522460478947957e-01 1.000547816559711922e+00 1.001330411645014795e+00 1.005634684614180596e+00 1.002895601815620541e+00 1.002504304272969105e+00 1.006417279699483469e+00 1.003678196900923414e+00
9.974594488958373750e-01 9.927692007035372468e-01 9.947234707836623002e-01 9.994137189759624285e-01 1.000195427008012450e+00 1.004494821184287678e+00 1.001758843072112715e+00 1.001367989056087593e+00 1.005276529216337700e+00 1.002540551104162514e+00 9.998045729919875502e-01
9.925364385916923826e-01 9.944902504786838904e-01 9.991793990074635534e-01 9.999609237622602009e-01 1.004259309913641429e+00 1.001523973271853496e+00 1.001133210894455061e+00 1.005040834668438077e+00 1.002305498026649921e+00 9.995701613848618772e-01 9.964440623656753981e-01
9.941017928987146979e-01 9.987891098003981449e-01 9.995703292840121268e-01 1.003867036443888638e+00 1.001132768251240091e+00 1.000742158509432933e+00 1.004648255927502509e+00 1.001913987734853961e+00 9.991797195422051914e-01 9.960548416077494860e-01 9.950783172532321474e-01
9.986915851348449058e-01 9.994727283379226668e-01 1.003769015954850019e+00 1.001035014744078078e+00 1.000644443142539197e+00 1.004550159157927780e+00 1.001816157947155839e+00 9.990821567363838973e-01 9.959575839240729644e-01 9.949811549202258742e-01 1.017048450407170845e+00
1.009986973512809305e+00 1.002171081198436786e+00 1.007381676074685206e+00 1.002171081198436786e+00 1.002171081198436786e+00 9.934867564046895305e-01 9.865392965696917482e-01 9.917498914459400572e-01 1.005644811115935733e+00 9.986973512809379505e-01 9.905340859748154037e-01
1.008089388625508898e+00 1.001039812481274716e+00 1.006326994589450408e+00 1.020426146877918994e+00 1.013376570733684590e+00 1.005093318764209265e+00 1.002802206517333206e+00 9.862357025783825559e-01 9.837683509279006033e-01 9.728415079043373215e-01 9.737227049223665665e-01
1.004491918084391422e+00 1.009797333144696330e+00 1.023945106638842750e+00 1.016871219891769540e+00 1.008559402963958407e+00 1.006260389771159725e+00 9.896367559155377913e-01 9.871608955540621677e-01 9.761963710960986917e-01 9.770806069394828430e-01 9.857461182046474146e-01
1.009571970381072603e+00 1.009571970381072603e+00 1.008849557522123908e+00 1.004153873938955943e+00 9.947625067726203474e-01 9.998193967852627706e-01 9.869965685389199272e-01 9.869965685389199272e-01 9.951237132020949172e-01 1.004153873938955943e+00 1.010474986454758861e+00
9.964181048518397921e-01 1.001483411121965483e+00 9.886392416512899128e-01 9.886392416512899128e-01 9.967799124425631430e-01 1.005825102210644362e+00 1.012156735048301393e+00 1.008357755345707263e+00 9.994934693729874420e-01 1.002207026303411963e+00 1.004016064257028162e+00
1.005489640517088556e+00 1.003187533203470760e+00 1.003364618381441531e+00 1.004781299805206141e+00 9.996458296440586810e-01 9.930936780591462787e-01 9.916769966353815580e-01 9.952187001947936373e-01 1.003364618381441531e+00 1.000177085177970548e+00 9.877811227200281596e-01
1.004967181124711617e+00 1.005144580450594294e+00 1.006563775057654597e+00 1.001419194607060303e+00 9.948554195494055952e-01 9.934362249423451807e-01 9.969842114599963834e-01 1.005144580450594294e+00 1.001951392584708111e+00 9.895334397729287357e-01 9.934362249423451807e-01
1.006304946274753531e+00 1.007725779238078267e+00 1.002575259746026015e+00 9.960039072906489155e-01 9.945830743273242902e-01 9.981351567356361310e-01 1.006304946274753531e+00 1.003108072107272708e+00 9.906757836781810989e-01 9.945830743273242902e-01 9.949382825681555298e-01
1.008872530716025784e+00 1.003716150139577934e+00 9.971373197489376006e-01 9.957148699347451171e-01 9.992709944702263813e-01 1.007450080901833189e+00 1.004249568819900018e+00 9.918031329457157597e-01 9.957148699347451171e-01 9.960704823882933212e-01 9.921587453992639638e-01
1.005396548346305208e+00 9.988067038310148860e-01 9.973818725844657562e-01 1.000943950700838858e+00 1.009136730368497048e+00 1.005930860063761090e+00 9.934635866564552886e-01 9.973818725844657562e-01 9.977380803961031219e-01 9.938197944680926543e-01 9.931073788448180339e-01
1.000035664610007480e+00 9.986090802097079555e-01 1.002175541210456933e+00 1.010378401512179503e+00 1.007168586611505434e+00 9.946859731088840695e-01 9.986090802097079555e-01 9.989657263097829754e-01 9.950426192089589783e-01 9.943293270088092717e-01 9.968258497093335224e-01
9.989297181591152430e-01 1.002497324295397840e+00 1.010702818408847570e+00 1.007491972886193299e+00 9.950053514092043194e-01 9.989297181591152430e-01 9.992864787727435694e-01 9.953621120228326458e-01 9.946485907955762151e-01 9.971459150909739444e-01 9.926864074206207533e-01
1.000837368478537881e+00 9.993810754723851941e-01 9.990170022208468836e-01 1.008300870135071303e+00 1.009757163141224323e+00 1.006298467251611095e+00 1.001201441730076303e+00 9.957403429570030884e-01 9.866385116685478796e-01 9.928277569446973816e-01 9.975607092146941968e-01
1.011790512750205817e+00 1.006489351978795410e+00 1.002102184443835364e+00 1.000091399323645103e+00 9.969838223197148297e-01 9.988118087926149968e-01 9.973494196142950186e-01 9.964354263778448795e-01 9.947902385522349178e-01 9.951558358468147736e-01 9.927794534320447672e-01
1.012765331273222325e+00 1.007982930508038111e+00 1.004855976161571629e+00 1.000625390869293474e+00 9.951072361402347743e-01 9.936357282124859136e-01 9.910605893389250465e-01 9.945554206673289377e-01 1.002464775778979522e+00 9.969466210499209335e-01 1.016811978074531941e+00
1.017616930263972597e+00 1.013489427965704293e+00 1.013301814224873976e+00 9.999812386259169239e-01 9.947280538826664964e-01 9.917262340293804268e-01 9.928519164743626613e-01 9.936023714376841509e-01 9.906005515843980813e-01 9.921014615110409496e-01 9.939775989193447847e-01
1.015890926187118071e+00 1.015702867889045624e+00 1.002350728725905027e+00 9.970850963798778555e-01 9.940761636107193766e-01 9.952045133991538339e-01 9.959567465914433981e-01 9.929478138222849193e-01 9.944522802068640477e-01 9.963328631875880692e-01 9.957686882933709516e-01
1.017750810281148555e+00 1.004371749453531137e+00 9.990955001130624735e-01 9.960805004899373483e-01 9.972111253486093396e-01 9.979648752543904822e-01 9.949498756312654679e-01 9.964573754428278640e-01 9.983417502072809979e-01 9.977764377779451133e-01 9.955151880606012416e-01
9.998488512696495079e-01 1.000604594921402857e+00 9.975816203143894612e-01 9.990931076178959369e-01 1.000982466747279309e+00 1.000415659008464297e+00 9.981484280532043618e-01 1.000982466747279309e+00 1.003249697702539356e+00 9.990931076178959369e-01 9.983373639661426990e-01
9.968676881274058932e-01 9.996980904219187059e-01 1.001962412257529023e+00 9.978111555589102011e-01 9.970563816137067992e-01 9.978111555589102011e-01 1.000075477394520407e+00 1.002339799230130835e+00 1.002151105743829929e+00 1.004226734093139228e+00 1.002339799230130835e+00
9.977512802585083440e-01 9.954836637124662158e-01 9.951057276214593239e-01 9.956726317579698282e-01 1.000774768986564478e+00 1.000018896804550472e+00 1.007955554715697755e+00 1.006443810351669743e+00 1.000396832895557475e+00 1.000396832895557475e+00 9.932160471664243095e-01
9.954469025712718855e-01 1.000547883093083401e+00 9.997921822750373000e-01 1.007727040864521584e+00 1.006215639228429382e+00 1.000170032684060129e+00 1.000170032684060129e+00 9.929908749126220568e-01 9.933687253216449964e-01 1.003570686365268028e+00 1.003570686365268028e+00
1.011948211610127046e+00 1.010795651004648743e+00 1.001383072726574008e+00 1.000422605555342015e+00 1.003111913634791907e+00 1.001575166160820540e+00 9.975412040416457016e-01 9.827500096046716260e-01 9.938914287909638157e-01 9.965807368704135971e-01 9.835183833416573096e-01
1.013677518782508225e+00 1.004238104411481203e+00 1.003274898863417253e+00 1.005971874397996624e+00 1.004430745521094126e+00 1.000385282219225402e+00 9.855519167790406376e-01 9.967251011365824143e-01 9.994220766711614523e-01 9.863224812174917755e-01 9.951839722596802496e-01
1.005852019236340267e+00 1.008555922513857395e+00 1.007010834926704623e+00 1.002954980010429153e+00 9.880835119840855052e-01 9.992853969909416545e-01 1.001989300268458782e+00 9.888560557776616688e-01 9.977403094037892162e-01 9.996716688877299584e-01 1.009328466307433558e+00
1.008205425234095953e+00 1.006660874601795319e+00 1.002606429192006710e+00 9.877401293561154372e-01 9.989381214402933695e-01 1.001641085046818924e+00 9.885124046722655322e-01 9.973935708079929574e-01 9.993242590983685281e-01 1.008977700550246048e+00 1.029442996428226564e+00
1.009147993497593543e+00 1.008829248079558871e+00 1.012654193095974042e+00 9.984700219934338206e-01 1.001816848882797206e+00 9.919357409237241630e-01 9.963981767762088992e-01 9.906607592515856986e-01 9.968762949032606846e-01 9.932107225958627383e-01 9.925732317597932841e-01
1.010504134606174942e+00 1.014335429903259866e+00 1.000127709843236179e+00 1.003480093228185765e+00 9.935825803773825626e-01 9.980524248906486040e-01 9.923054819450209951e-01 9.985313368027841641e-01 9.948596788097443522e-01 9.942211295935634574e-01 1.001245170971552856e+00
1.015275469768631034e+00 1.001054582640930724e+00 1.004410072862073511e+00 9.945033874472709590e-01 9.989773744087947493e-01 9.932251054582642569e-01 9.994567301546722904e-01 9.957816694362778831e-01 9.951425284417743100e-01 1.002173079381311727e+00 1.007765563083216298e+00
1.001806930297264087e+00 1.005164942354126678e+00 9.952508115195805027e-01 9.997281609287304027e-01 9.939715688312521502e-01 1.000207876936853646e+00 9.965300542079091883e-01 9.958904328637447900e-01 1.002926267649551617e+00 1.008522954410989048e+00 1.012200777139933283e+00
1.004121274080700399e+00 9.942174371425832602e-01 9.986901376952813658e-01 9.929395226989553569e-01 9.991693556116418851e-01 9.954953515862113855e-01 9.948563943643972118e-01 1.001884923804351457e+00 1.007475799495223923e+00 1.011149803520654311e+00 1.010031628382479729e+00
9.960806806232672672e-01 9.903450912914634197e-01 9.965586464009175138e-01 9.928942421055985124e-01 9.922569544020646282e-01 9.992671191409361331e-01 1.004843386546856454e+00 1.008507790842175567e+00 1.007392537360991325e+00 1.011853551285727848e+00 1.019978969505783262e+00
1.010747442280925723e+00 9.958244249616161614e-01 9.962548966150577279e-01 9.869280107904893073e-01 9.897978218134334538e-01 9.933850855921135814e-01 1.005868763541920563e+00 1.008021121809128839e+00 1.007016687951098222e+00 1.006155744644215089e+00 9.991247076380018743e-01
1.010040289058003582e+00 1.013877342201189524e+00 1.019377118373089530e+00 9.848436400844151617e-01 9.912387286563918432e-01 9.904713180277546769e-01 9.902155144848756585e-01 1.002749888085950003e+00 1.006203235914817418e+00 9.909829251135127137e-01 9.688559186544732915e-01
1.010082915344457044e+00 9.972873374961612747e-01 9.986948510594738648e-01 9.922970621353260912e-01 9.952400450404339516e-01 9.929368410277408241e-01 1.000614187736718286e+00 1.002661480192445609e+00 1.007011976660866059e+00 1.003173303306377440e+00 1.004708772648172932e+00
9.978235821277686712e-01 9.992318525156831388e-01 9.928306234797081853e-01 9.957751888362565973e-01 9.934707463833056806e-01 1.001152221226475625e+00 1.003200614517987699e+00 1.007553450262450578e+00 1.003712712840865606e+00 1.005249007809499551e+00 1.022916399948790245e+00
9.967307741424668022e-01 9.903455673894721034e-01 9.932827624958496804e-01 9.909840880647715622e-01 9.986463361683651785e-01 1.000689602329323469e+00 1.005031542921359877e+00 1.001200418869563125e+00 1.002732868490281870e+00 1.020356039128547110e+00 1.021633080479146027e+00
9.901867679645457443e-01 9.922127255460588824e-01 9.965178854067743286e-01 9.927192149414371114e-01 9.942386831275720205e-01 1.011712567268122864e+00 1.012978790756568603e+00 1.007913896802785647e+00 1.002342513453624573e+00 9.991769547325103362e-01 1.009559987337764975e+00
9.902942068547164745e-01 9.945910423617430052e-01 9.907997169143666349e-01 9.923162470933172274e-01 1.009756344151248708e+00 1.011020119300374054e+00 1.005965018703872227e+00 1.000404408047720128e+00 9.972449701749065420e-01 1.007607926397735332e+00 1.017338995046001449e+00
9.919084469763808087e-01 9.881273474326334183e-01 9.896397872501324633e-01 1.007032845151370148e+00 1.008293211665952427e+00 1.003251745607622647e+00 9.977061329434600001e-01 9.945552166570039709e-01 1.004890222076579853e+00 1.014595044238864707e+00 1.018880290388445076e+00
1.010998803968012227e+00 1.001149128772777397e+00 9.955207429469290492e-01 9.959897750990830412e-01 9.978659037076992311e-01 9.978659037076992311e-01 9.990384840880842665e-01 9.990384840880842665e-01 1.003963321685701793e+00 9.985694519359302745e-01 9.942309045285054880e-01
1.002830665147582234e+00 9.971928258494932029e-01 9.976626457910006129e-01 9.995419255570302530e-01 9.995419255570302530e-01 1.000716475410798889e+00 1.000716475410798889e+00 1.005649584796626694e+00 1.000246655469291479e+00 9.959008210103478254e-01 9.976626457910006129e-01
9.977084435043186428e-01 9.981785063752276477e-01 1.000058757858863556e+00 1.000058757858863556e+00 1.001233915036136013e+00 1.001233915036136013e+00 1.006169575180680509e+00 1.000763852165227119e+00 9.964157706093189626e-01 9.981785063752276477e-01 1.002174040777954023e+00
9.977329590170674889e-01 9.996123712308976339e-01 9.996123712308976339e-01 1.000787003864541447e+00 1.000787003864541447e+00 1.005720460925845661e+00 1.000317150811083966e+00 9.959710100666017141e-01 9.977329590170674889e-01 1.001726709971456408e+00 9.999647610209907445e-01
9.993893273205560757e-01 9.993893273205560757e-01 1.000563697857947965e+00 1.000563697857947965e+00 1.005496054114994209e+00 1.000093949642991253e+00 9.957487786546409536e-01 9.975103344607288980e-01 1.001503194287861609e+00 9.997416384817735535e-01 9.976277715144681313e-01
9.995654063450671867e-01 1.000739983790831067e+00 1.000739983790831067e+00 1.005673209063039586e+00 1.000270152812525515e+00 9.959242162631991580e-01 9.976860824318449783e-01 1.001679645747442171e+00 9.999177795787963507e-01 9.978035401764213663e-01 1.004851004851004648e+00
1.000211312249066564e+00 1.000211312249066564e+00 1.005141931393956467e+00 9.997417294733629278e-01 9.953980887981027648e-01 9.971590242069919841e-01 1.001150477800474059e+00 9.993895423915849507e-01 9.972764199009179764e-01 1.004320161536474743e+00 1.004907140006104482e+00
9.997418506958296591e-01 1.004670155593626157e+00 9.992724883246110190e-01 9.949308863908380429e-01 9.966909952829081654e-01 1.000680575438267050e+00 9.989204665461969279e-01 9.968083358757128254e-01 1.003848771443993204e+00 1.004435474408016615e+00 1.006195583300086849e+00
1.004022186521570825e+00 9.986280005159655637e-01 9.942891987288482447e-01 9.960481724263281489e-01 1.000035179473949487e+00 9.982762057764694719e-01 9.961654373394935869e-01 1.003201332129413537e+00 1.003787656695240171e+00 1.005546630392720076e+00 9.935856092498561720e-01
9.996713152087149945e-01 9.953279804667325426e-01 9.970887918486173174e-01 1.001079964314222748e+00 9.993191529323379729e-01 9.972061792740762876e-01 1.004249424801615387e+00 1.004836361928910238e+00 1.006597173310795013e+00 9.946236559139786104e-01 9.968540169976993770e-01
1.001110354955406789e+00 9.990806738541256893e-01 1.005886075193715312e+00 1.003617608080518808e+00 9.966928137349714278e-01 9.957376696873098121e-01 9.975285647766755082e-01 1.000990961949449032e+00 9.969315997468869428e-01 1.002423678020941678e+00 9.990806738541256893e-01
9.992834965368998512e-01 1.006090279436350654e+00 1.003821351803200423e+00 9.968951516598996143e-01 9.959398137090996750e-01 9.977310723668497694e-01 1.001194172438500063e+00 9.971339861475997379e-01 1.002627179364700361e+00 9.992834965368998512e-01 9.959398137090996750e-01
1.006426796636085585e+00 1.004157110091743021e+00 9.972285932721710600e-01 9.962729357798163488e-01 9.980647935779815016e-01 1.001529051987767316e+00 9.974675076452598210e-01 1.002962538226299660e+00 9.996177370030578935e-01 9.962729357798163488e-01 9.919724770642199818e-01
9.984093382607968081e-01 9.974525492447348096e-01 9.992465286498511956e-01 1.002714888833076357e+00 9.986485355148124743e-01 1.004150072357169465e+00 1.000801310800952137e+00 9.974525492447348096e-01 9.931469986724553722e-01 1.007977228421417903e+00 1.009651609199526678e+00
1.008258612553091016e+00 9.992921189240207003e-01 9.987022180273713579e-01 1.001061821613968839e+00 9.974044360547427157e-01 1.004011326097215662e+00 1.006370929683813031e+00 1.000707881075979300e+00 9.903256252949503846e-01 9.938650306748465502e-01 9.924492685228881728e-01
1.000874435752605596e+00 1.000283600784628746e+00 1.002646940656535923e+00 9.989837638550800314e-01 1.005601115496419506e+00 1.007964455368326462e+00 1.002292439675749769e+00 9.918937442393590542e-01 9.954387540472194873e-01 9.940207501240754251e-01 9.914210762649776632e-01
1.001230099590755485e+00 1.003595675726823400e+00 9.999290327159181535e-01 1.006552645896908516e+00 1.008918222032976431e+00 1.003240839306413390e+00 9.928323043077142973e-01 9.963806685118162809e-01 9.949613228301755763e-01 9.923591890805008031e-01 9.996924751023114064e-01
1.003750014787124334e+00 1.000082807897507253e+00 1.006707439698105944e+00 1.009073379626891143e+00 1.003395123797806709e+00 9.929849881111516563e-01 9.965338980043294548e-01 9.951143340470584020e-01 9.925118001253946387e-01 9.998462139046288000e-01 1.006470845705227379e+00
9.998107762902690432e-01 1.006433606130848091e+00 1.008798902502483497e+00 1.003122191210558567e+00 9.927148871753629367e-01 9.962628317328160454e-01 9.948436539098348685e-01 9.922418279010358777e-01 9.995742466531055692e-01 1.006197076493684506e+00 1.004068309759212685e+00
1.006005296009078842e+00 1.008369585776432764e+00 1.002695290334783440e+00 9.922924153584262719e-01 9.958388500094570439e-01 9.944202761490448239e-01 9.918195574049554208e-01 9.991488556837525570e-01 1.005768867032343250e+00 1.003641006241724920e+00 1.006241724985814212e+00
1.008345745561151086e+00 1.002671584273116423e+00 9.922689552450528749e-01 9.958153060500745113e-01 9.943967657280659012e-01 9.917961084710500419e-01 9.991252334680947866e-01 1.005745088304135004e+00 1.003617277821122089e+00 1.006217935078137948e+00 1.000070927016100564e+00
1.003501963939236186e+00 9.930907197955609611e-01 9.966400075718139240e-01 9.952202924613128276e-01 9.926174814253939660e-01 9.999526761629833338e-01 1.006578013345321931e+00 1.004448440679570398e+00 1.007051251715489038e+00 1.000899152903317324e+00 1.005631536604987941e+00
9.875746328868806323e-01 9.988704211715345727e-01 1.010811683072454281e+00 1.008552525415523649e+00 1.010166209456188513e+00 1.029691786348232885e+00 1.021461997740842342e+00 9.943521058576730853e-01 9.848313700177503405e-01 9.536872680329190333e-01 9.472325318702596864e-01
1.002916396629941698e+00 1.014906027219701690e+00 1.012637718729747061e+00 1.014257939079714843e+00 1.033862605314322725e+00 1.025599481529487988e+00 9.983797796500324395e-01 9.888204795852234552e-01 9.575502268308488940e-01 9.510693454309785411e-01 9.546338302009073074e-01
1.019830028328611915e+00 1.017550714727621930e+00 1.019178795871186205e+00 1.038878577708312934e+00 1.030575363876135464e+00 1.003223600664257198e+00 9.936179219172281973e-01 9.621959558464393547e-01 9.556836312721825877e-01 9.592654097880238817e-01 9.377747386929764506e-01
1.025969335828490703e+00 1.027610886765816245e+00 1.047473653107455771e+00 1.039101743327095262e+00 1.011523687580025532e+00 1.001838537049804412e+00 9.701566039594207158e-01 9.635904002101184362e-01 9.672018122722347844e-01 9.455333398995370286e-01 9.506221478052463425e-01
1.035412428257165951e+00 1.055425991167568078e+00 1.046990522502853072e+00 1.019203096313203938e+00 1.009444416877553152e+00 9.775219570287301263e-01 9.709059031740517876e-01 9.745447327941250126e-01 9.527117550736862173e-01 9.578391968110619992e-01 9.727253179840883446e-01
1.062083888149134570e+00 1.053595206391478190e+00 1.025632490013315801e+00 1.015812250332889466e+00 9.836884154460719953e-01 9.770306258322237758e-01 9.806924101198403187e-01 9.587217043941411720e-01 9.638814913448736643e-01 9.788615179760320473e-01 9.568908122503329006e-01
1.013200754328818842e+00 1.006343219612549467e+00 1.010114863706497612e+00 9.874849991428081841e-01 9.927995885479171667e-01 1.008229041659523428e+00 9.855991770958341114e-01 9.876564375107149685e-01 1.000857191839533700e+00 1.007714726555803297e+00 1.004971712669295636e+00
9.921653268979111484e-01 9.989633078975541647e-01 9.962441154976970914e-01 1.004741591747251084e+00 1.019527200421474600e+00 1.023775938546251485e+00 1.015958260396661927e+00 1.010689825121938723e+00 9.758501724987678205e-01 9.620842609744905127e-01 9.746605258238302261e-01
1.000715039667676720e+00 9.979910790289081568e-01 1.006503456025060528e+00 1.021314991998365507e+00 1.025571180496441803e+00 1.017739793659981462e+00 1.012462119922367121e+00 9.775613742381423776e-01 9.637713235043754434e-01 9.763696414586808814e-01 9.760291463788347555e-01
1.000460805898315542e+00 1.008994248459713639e+00 1.023842438516546105e+00 1.028109159797245153e+00 1.020258392640758904e+00 1.014967658252692306e+00 9.799805437509599981e-01 9.661563668014949702e-01 9.787858617923641535e-01 9.784445240899081186e-01 9.833939207755192369e-01
1.010719231361017822e+00 1.025592805976783595e+00 1.029866821670969212e+00 1.022002632793667543e+00 1.016702853332877687e+00 9.816559246405553996e-01 9.678081137913939758e-01 9.804592002461833822e-01 9.801172789906484883e-01 9.850751371959038938e-01 9.787495939685091351e-01
9.862767731178658792e-01 9.971784019494677187e-01 9.938117224573553843e-01 9.907656791073490288e-01 9.947736308836732100e-01 9.939720405284083737e-01 1.001026035654738910e+00 1.004873669360010213e+00 1.017218160831088847e+00 1.020103886110042213e+00 1.026035654739002156e+00
1.007607776838546076e+00 1.015292399907784526e+00 1.005917159763313640e+00 1.000845308537616329e+00 1.004533927610850697e+00 1.000691616076231583e+00 9.836317528625221351e-01 9.882425267040652050e-01 9.959271497733036549e-01 9.973103819257664870e-01 1.009144701452393766e+00
1.015136381098732166e+00 1.005762581636573172e+00 1.000691509796388878e+00 1.004379562043795637e+00 1.000537840952746782e+00 9.834805993084901887e-01 9.880906646177487485e-01 9.957741067998463480e-01 9.971571263926238826e-01 1.008989627353054308e+00 1.003611217825585822e+00
1.006923076923076810e+00 1.001846153846153831e+00 1.005538461538461492e+00 1.001692307692307660e+00 9.846153846153844480e-01 9.892307692307690248e-01 9.969230769230768008e-01 9.983076923076921183e-01 1.010153846153845958e+00 1.004769230769230637e+00 1.005846153846153612e+00
1.015433869944727840e+00 1.010299314385816549e+00 1.009997281705880434e+00 1.007581020266392846e+00 9.852306019511309909e-01 9.920263372496902488e-01 9.933854843094021003e-01 9.923283699296263638e-01 9.977649581684737701e-01 9.959527620888579680e-01 1.008789150986136640e+00
9.949797995338792722e-01 9.972591187012439518e-01 9.882558079901534454e-01 1.005521650682940971e+00 1.007345106016832803e+00 1.005065786849468124e+00 9.867172675521821423e-01 9.842669994472651451e-01 1.003413280453128831e+00 1.027175182772905870e+00 1.030195280669664148e+00
1.047619630849878192e+00 1.007140495057993412e+00 9.928717527894471706e-01 1.011182284713461499e+00 9.866865898318371020e-01 9.620684164758043222e-01 9.778069004372481610e-01 9.960561931240584643e-01 9.953213222776096103e-01 1.023246414442661623e+00 1.006895538109177313e+00
1.011258754588664877e+00 9.969316665539356137e-01 1.015317071371034663e+00 9.907212120839457015e-01 9.660023735004211742e-01 9.818052130923758947e-01 1.000129128261257216e+00 9.993912524826444876e-01 1.027430532069926183e+00 1.011012795995794189e+00 1.009783003031439641e+00
1.019232033860814290e+00 9.807320966324510891e-01 9.817483993232619666e-01 9.688951594100662090e-01 9.748734105324828869e-01 1.006558141481290969e+00 9.988461975333735587e-01 1.023237462112833507e+00 1.021742899332229282e+00 1.024134199781195909e+00 1.074172161675823300e+00
9.753733828006088125e-01 9.763841324200912553e-01 9.636011225266362112e-01 9.695467085235920379e-01 1.001058314307458064e+00 9.933885083713850372e-01 1.017646499238964886e+00 1.016160102739726012e+00 1.018538337138508165e+00 1.068302891933028853e+00 1.073891742770167301e+00
9.668587981089086236e-01 9.542004957344466520e-01 9.600880782341963959e-01 9.912922654828701940e-01 9.836972840581930111e-01 1.007718620657171993e+00 1.006246725032234668e+00 1.008601758032134477e+00 1.057880823555040095e+00 1.063415151104805112e+00 1.056232300455110185e+00
1.021845427134601803e+00 1.004600446655705470e+00 9.938357228163944290e-01 1.000530202815965941e+00 1.005136005055671022e+00 9.986557484160859532e-01 9.996733093760207245e-01 9.874625778568022483e-01 9.909437074565794479e-01 9.973168524161716286e-01 1.005510895935647131e+00
1.006244099218951193e+00 9.954617629388036182e-01 1.002167195948845624e+00 1.006780533859754634e+00 1.000289674706033916e+00 1.001308900523560252e+00 9.890781907132435435e-01 9.925650158784654620e-01 9.989485881040255366e-01 1.007156038108316887e+00 1.006941464251995599e+00
9.953923477570550959e-01 1.002097313186253391e+00 1.006710329401541815e+00 1.000219922866077971e+00 1.001239077611316031e+00 9.890092206684583109e-01 9.924958026916413933e-01 9.988789297802381784e-01 1.007085807465576854e+00 1.006871248571842514e+00 1.005262056868834852e+00
1.001109247480079345e+00 1.005717715271712276e+00 9.992337082625543099e-01 1.000251858123496262e+00 9.880340597921903889e-01 9.915172040533083431e-01 9.978940373928935070e-01 1.006092823115217305e+00 1.005878475776071479e+00 1.004270870732478560e+00 9.922674197403184015e-01
1.006607740496009651e+00 1.000117995366000212e+00 1.001137046254183316e+00 9.889084355959838479e-01 9.923946623187162031e-01 9.987771389341800754e-01 1.006983180296919134e+00 1.006768643267828001e+00 1.005159615549643837e+00 9.931455419205355017e-01 1.008592208015103298e+00
9.959239376028053981e-01 9.985539468213942005e-01 9.817797299495688579e-01 9.860907759882868717e-01 1.000542269941977036e+00 1.003009598177972972e+00 9.974603691050738519e-01 1.006272255662202131e+00 1.018626972506913919e+00 1.011740144243804540e+00 1.022947056377998098e+00
9.958628149082875414e-01 9.791338050385323122e-01 9.834332326828605364e-01 9.978457794402628700e-01 1.000306458154941458e+00 9.947721844157013660e-01 1.003560322682410133e+00 1.015881743206092702e+00 1.009013475145342120e+00 1.020190184325566296e+00 1.022308350984721947e+00
1.009328143556715407e+00 1.009051511948913626e+00 1.001532161882302097e+00 9.755539390769180086e-01 9.719200056835221035e-01 9.840226385248493912e-01 1.000073558859347234e+00 1.013188411901949193e+00 1.019079407731727782e+00 1.016250220833755158e+00 1.011057091105476591e+00
1.008877082393053293e+00 1.001359032157894235e+00 9.753853000745519308e-01 9.717519948605704005e-01 9.838525355818757978e-01 9.999006812761576102e-01 1.013013267221426705e+00 1.018903244704991939e+00 1.016074546874037532e+00 1.010882314855441111e+00 1.026345862997992242e+00
9.996128304354183758e-01 9.736843921720212958e-01 9.700574228312073277e-01 9.821368622448179986e-01 9.981570226723234240e-01 1.011246742473254301e+00 1.017126448826788376e+00 1.014302683769061186e+00 1.009119506129766419e+00 1.024556088445341739e+00 1.030172243393487896e+00
9.707179351474237716e-01 9.671020158437322323e-01 9.791446536631202013e-01 9.951160065737162386e-01 1.008165846828907419e+00 1.014027639886968091e+00 1.011212477799318998e+00 1.006045091389545343e+00 1.021434644135360559e+00 1.027033688731907146e+00 1.031731881460405953e+00
1.015001664083036825e+00 1.012171833036408675e+00 9.916095806095467369e-01 9.995770084829673774e-01 1.008612297128700375e+00 1.015499999110115903e+00 1.008535173850700017e+00 9.914553340535461334e-01 9.750399409591643529e-01 9.824971686858132713e-01 9.822895290911970445e-01
1.015493729833777614e+00 9.948639931337378561e-01 1.002857569702737761e+00 1.011922511709131500e+00 1.018832818780321725e+00 1.011845135316430611e+00 9.947092403483365208e-01 9.782399727635096021e-01 9.857216747346434493e-01 9.855133536773724723e-01 9.903761623570991324e-01
9.973691418055840030e-01 1.005382846852308720e+00 1.014470615121975117e+00 1.021398322909947698e+00 1.014393043889207036e+00 9.972139993400480629e-01 9.807032607962747894e-01 9.882038023031497476e-01 9.879949566764666402e-01 9.928700103050401848e-01 9.844982841840016485e-01
1.006678528453351262e+00 1.015778008534272692e+00 1.022714644367463510e+00 1.015700337332005931e+00 9.984991533838951661e-01 9.819671367168500975e-01 9.894773445052402749e-01 9.892682297299072447e-01 9.941495660569675819e-01 9.857670509200452402e-01 9.860299380661781132e-01
1.017879786812399878e+00 1.024830775457322263e+00 1.017801954898201799e+00 1.000565179438484664e+00 9.839989558549355753e-01 9.915247032508592850e-01 9.913151557895568677e-01 9.962065922433911425e-01 9.878067325803195908e-01 9.880701636745283789e-01 9.841426455426859343e-01
1.028299965577956998e+00 1.021247351515140789e+00 1.003952227250363594e+00 9.873299247701142756e-01 9.948811478339644188e-01 9.946708910262995751e-01 9.995788856509342235e-01 9.911505913322533612e-01 9.914149141761747774e-01 9.874741008667987652e-01 9.987138290708271748e-01
1.024277793777934153e+00 1.006931348082130251e+00 9.902597206975209954e-01 9.978333512079848866e-01 9.976224704857366010e-01 1.002545029059363380e+00 9.940917246789491291e-01 9.943568318726326849e-01 9.904043246213485308e-01 1.001677405516398611e+00 1.019463688147177693e+00
9.887872408052541529e-01 9.974666654078667705e-01 9.896809886613607832e-01 9.911537844242406248e-01 9.786727844336816640e-01 1.005220872159439560e+00 1.005076110182746341e+00 1.018016572099331940e+00 1.016424190355705415e+00 1.009500791470372638e+00 9.960693976328268695e-01
9.887779780238022953e-01 9.902494299695773217e-01 9.777798179675600831e-01 1.004303682528583153e+00 1.004159052636477201e+00 1.017087707339526803e+00 1.015496778526359778e+00 1.008579696729980935e+00 9.951605580450062494e-01 9.984052982331257375e-01 9.854955082986116555e-01
9.905745830775268823e-01 9.781008766191285897e-01 1.004633450417173890e+00 1.004488773035155269e+00 1.017421672923439102e+00 1.015830221721233162e+00 1.008910868668162930e+00 9.954873237452066537e-01 9.987331293591923398e-01 9.858191004337805152e-01 9.913671635181512398e-01
9.780233604005357240e-01 1.004553831445337941e+00 1.004409165529256853e+00 1.017341040462427459e+00 1.015749715385534602e+00 1.008830910703390593e+00 9.954084296200316206e-01 9.986539779982008813e-01 9.857409725323452721e-01 9.912885959229368327e-01 9.886091315642157040e-01
1.003491558245311221e+00 1.003347045307319219e+00 1.016265245329561751e+00 1.014675603011649718e+00 1.007764114672901279e+00 9.943558272957292443e-01 9.975979436437240055e-01 9.846985931351327492e-01 9.902403501485654846e-01 9.875637192101047734e-01 9.980880309986533971e-01
1.003889499733763957e+00 1.016814683914495143e+00 1.015224182164628841e+00 1.008308957165210407e+00 9.948934206663384572e-01 9.981372898478839684e-01 9.852309653716965210e-01 9.907757185075938278e-01 9.880976404623644793e-01 9.986276421660245095e-01 9.992940183932411680e-01
1.017282174039379594e+00 1.015690941041358375e+00 1.008772536702135181e+00 9.953508322840419753e-01 9.985961928649866870e-01 9.856839345846001299e-01 9.912312369729591177e-01 9.885519276561326452e-01 9.990867706272225091e-01 9.997534532271840080e-01 9.949420174821789198e-01
1.017965090991610033e+00 1.011031196222918371e+00 9.975794403716566894e-01 1.000832067372242840e+00 9.878908983175849201e-01 9.934506212139357917e-01 9.907653128762424766e-01 1.001323743546750134e+00 1.001991918860823949e+00 9.971697102262340184e-01 9.924042334579331603e-01
1.013622101235184259e+00 1.000135873429160993e+00 1.003396835729024161e+00 9.904225031677468261e-01 9.959964736105362260e-01 9.933042838048351530e-01 1.003889771890631444e+00 1.004559659494866697e+00 9.997250932944883317e-01 9.949474043435259096e-01 9.994027888811297666e-01
1.004697000155282627e+00 1.007591998969596947e+00 1.006598912058241702e+00 1.009879108219990940e+00 1.006237789545021633e+00 1.003709931952481149e+00 9.934420151599230309e-01 9.938392499244651512e-01 9.887173289452935165e-01 9.852866650697025275e-01 9.674111006653078881e-01
1.011362956724829676e+00 1.010366153141653012e+00 1.013658625583054640e+00 1.010003679111406871e+00 1.007466360899684776e+00 9.971600159730222845e-01 9.975587374062929724e-01 9.924176474106366497e-01 9.889741441232992036e-01 9.710316796261201366e-01 9.724996994486165836e-01
1.024481185240071257e+00 1.005894534210389546e+00 1.007415260203727181e+00 1.004254903715515290e+00 9.775139071330810614e-01 9.861250962970008471e-01 9.867321350680039460e-01 9.988729104880653686e-01 1.010225161318988762e+00 9.984849063251561851e-01 9.874017551556052430e-01
9.806020482112076664e-01 1.006377922974092787e+00 9.930388536484664463e-01 9.871127844296680998e-01 1.004169180975369002e+00 9.989288323117300195e-01 1.006601684418407805e+00 9.964963288686909948e-01 1.006312959974130283e+00 1.020359404188236674e+00 1.001758331865650664e+00
1.004253296214530300e+00 9.909423878242642481e-01 9.850288294972033842e-01 1.002049217227830580e+00 9.968199317887973532e-01 1.004476585262202404e+00 9.943925637544251961e-01 1.004188470361980334e+00 1.018205260257790679e+00 9.996434578109749669e-01 1.016253281808785491e+00
9.897546836297239636e-01 9.838482130588395158e-01 1.000848200828632573e+00 9.956251830034655859e-01 1.003272659516072363e+00 9.932007243160256849e-01 1.002984889938928204e+00 1.016984879866992930e+00 9.984453248594784558e-01 1.015035240981841058e+00 1.006956110103518043e+00
9.821587598894563342e-01 9.991295554700113657e-01 9.939155065527524036e-01 1.001549850904055683e+00 9.914952111187078643e-01 1.001262575481617345e+00 1.015238524783250496e+00 9.967308056926497128e-01 1.013292233796229791e+00 1.005226976311268672e+00 1.007826818884337117e+00
9.965715497368847764e-01 9.913708500063755924e-01 9.989856486476031971e-01 9.889567510956570606e-01 9.986991087175477455e-01 1.012639276314752701e+00 9.941789413209204396e-01 1.010697968288626125e+00 1.002653359752315065e+00 1.005246546119318074e+00 1.012259610907429108e+00
9.898180174458358627e-01 9.974208886562014875e-01 9.874076998560962215e-01 9.971347975476271275e-01 1.011053129979773368e+00 9.926217103098652350e-01 1.009114862719181716e+00 1.001082854845954273e+00 1.003671979378552903e+00 1.010674059260912250e+00 9.882373640709620766e-01
1.025251701865985909e+00 1.025582270692293685e+00 9.959512831705157332e-01 9.931414481468988642e-01 9.944486975963890973e-01 1.001555927362008047e+00 9.943885941734238454e-01 1.003990115992093424e+00 9.978670797775271994e-01 9.678228812228643063e-01 9.890769541688860800e-01
1.002856320271539925e+00 1.010023638512591804e+00 1.002795708700790822e+00 1.012478407127920477e+00 1.006303603357880938e+00 9.760053944297966133e-01 9.974391611358607301e-01 9.974012789041427629e-01 9.928402582052913150e-01 1.001856229354183503e+00 1.000340940085462149e+00
1.010508928888141700e+00 1.019685349035550415e+00 1.018143093548590894e+00 1.006159768414915945e+00 9.912307353011484690e-01 9.797332206458656545e-01 9.806971303252153271e-01 9.875293221324458193e-01 9.884006964825777786e-01 1.017911755225546999e+00 1.014595905928584285e+00
1.023005462048617975e+00 1.023402875364825437e+00 1.011838147863188153e+00 1.012315043842637152e+00 9.891458475077417045e-01 9.876197803735049519e-01 9.885894688650511686e-01 9.933663769258649356e-01 9.876515734388015000e-01 9.830654237697673548e-01 9.884781931365131946e-01
1.026948648579668832e+00 1.015343852887879317e+00 1.015822401163829491e+00 9.925729307572548343e-01 9.910415762742145196e-01 9.920146244353130749e-01 9.968080829994130365e-01 9.910734794926111535e-01 9.864714402388913284e-01 9.919029631709248562e-01 9.979645746662924033e-01
1.005341950293287434e+00 1.001182392746964078e+00 9.985480063009594121e-01 9.884495249246081361e-01 9.964143073373824544e-01 9.921777209476088100e-01 9.918387940364269406e-01 1.006250890646002372e+00 1.010017601090728467e+00 1.009778811676032229e+00 1.007845387705426532e+00
1.025080925102979101e+00 1.014877939820967079e+00 1.009416959575012873e+00 1.002413010058382348e+00 9.937610724201917378e-01 9.965965813940526052e-01 9.983253532470616198e-01 9.871852766802410306e-01 9.898592181912037047e-01 9.824836635099076787e-01 9.810214779706804000e-01
1.012178509376554958e+00 1.003442284632891202e+00 1.006305417111907019e+00 1.008051030646121893e+00 9.968024275448028604e-01 9.995024185720229326e-01 9.920550112975456969e-01 9.905785811587939360e-01 9.985154127886584075e-01 9.925689068707023166e-01 9.959051495599261505e-01
1.005077884037959723e+00 1.007945683390049529e+00 1.009694142254286442e+00 9.984272040590391750e-01 1.001131596040639504e+00 9.936720495777963125e-01 9.921932128748668367e-01 1.000142981449178237e+00 9.941867827948379643e-01 9.975284635213472750e-01 9.945462790099147687e-01
1.003159680863202841e+00 1.005876891478219903e+00 9.983819872742600854e-01 9.968961409862899803e-01 1.004883590921068492e+00 9.988991602916198476e-01 1.002256680356701679e+00 9.992603604942202900e-01 9.981767598864189628e-01 9.922087474479974745e-01 9.968386773176943771e-01
1.006513108771134313e+00 9.990134640390803122e-01 9.975266779530981287e-01 1.005519179951223308e+00 9.995309641684552160e-01 1.002890607865509098e+00 9.998923928302410058e-01 9.988081068448838584e-01 9.928363196376512878e-01 9.974691779387229174e-01 9.971323921402408530e-01
1.003911410083089706e+00 9.838905561004771538e-01 9.815543603547582929e-01 1.005809569126486114e+00 9.866132548188333296e-01 1.004057422317197190e+00 9.957519028829686647e-01 9.973580374581505481e-01 1.022497908589470539e+00 1.018555578268570017e+00 1.026131036532261120e+00
9.817092348524646406e-01 9.793782185379213967e-01 1.003579652627149654e+00 9.844258972484580816e-01 1.001831390391242138e+00 9.935442845965241077e-01 9.951468583127727197e-01 1.020230993432875710e+00 1.016297403402083965e+00 1.023856066598507253e+00 1.012989417014533711e+00
9.763242584724945994e-01 1.000450226095514372e+00 9.813561971870693457e-01 9.987074154031999607e-01 9.904461509940426511e-01 9.920437274619976487e-01 1.017049643620842936e+00 1.013128319563135316e+00 1.020663412850495000e+00 1.009830648351206950e+00 1.021457929489638428e+00
1.001760314023834919e+00 1.009735683116497640e+00 1.007982113590838225e+00 9.883724851452426741e-01 9.899068584801947734e-01 9.907161982612684437e-01 1.007130620696166989e+00 9.960527824427223287e-01 1.009921156816327104e+00 9.984217874269064597e-01 9.969801509418690921e-01
1.010218584074528581e+00 1.008464175913156735e+00 9.888451692624314893e-01 9.903802764036320205e-01 9.911900032473420774e-01 1.007612275796336609e+00 9.965291396230552268e-01 1.010404146476212128e+00 9.988992775718316119e-01 9.974569516314729656e-01 1.000586208496227592e+00
1.009436503065153978e+00 9.897985804297886325e-01 9.913351676695293380e-01 9.921456752245573218e-01 1.008583781574968308e+00 9.974899594155229865e-01 1.011378344082408676e+00 9.998623825713860436e-01 9.984186659889924265e-01 1.001550939977694288e+00 1.017862404522632325e+00
9.889652880236130539e-01 9.905005816400817009e-01 9.913104068443727712e-01 1.007734674268900621e+00 9.966501917851668946e-01 1.010526884087862731e+00 9.990206176435604268e-01 9.975781164984169891e-01 1.000707753485833518e+00 1.017005485722191072e+00 1.027440420906649887e+00
9.942152395654376695e-01 9.828947040808705404e-01 9.814754873888903441e-01 9.845546066445900468e-01 1.000589265410120499e+00 1.010855762766725618e+00 1.007212276639361415e+00 1.002025081127737804e+00 1.011860003817776077e+00 1.024317572558490985e+00 1.021753023097544233e+00
9.801954630328552076e-01 9.787801438162964107e-01 9.818508071457894282e-01 9.978414312767336369e-01 1.008079734615231704e+00 1.004446254287341134e+00 9.992733039344217083e-01 1.009081217803557085e+00 1.021504575371128043e+00 1.018947068716644644e+00 1.017978692410578256e+00
1.007482382749610883e+00 1.013882657235609441e+00 1.014954868167541990e+00 9.973706088838449890e-01 9.998119506980919224e-01 9.950694792683894008e-01 9.907723877642589105e-01 9.902197867454934910e-01 9.928838185225263846e-01 9.975520599646336972e-01 1.000381047269656376e+00
1.014603160978122087e+00 1.015676133864097164e+00 9.980793785341044444e-01 1.000522455259094112e+00 9.957766136480500352e-01 9.914764684665648975e-01 9.909234747484084727e-01 9.935893996881774992e-01 9.982609585609617531e-01 1.001091956252419424e+00 9.959747009500762305e-01
1.017571713262715782e+00 9.999421167092522600e-01 1.002389753003729345e+00 9.976350541208769407e-01 9.933268834809357850e-01 9.927728576980642261e-01 9.954437581139969904e-01 1.000124035623030982e+00 1.002960316869671686e+00 9.978335111177264460e-01 9.955181794878157353e-01
1.003418306857218223e+00 1.004997416003215793e+00 1.004288083552607125e+00 1.007488524014281239e+00 1.001028532053382492e+00 9.939436519812330229e-01 9.914440995362315823e-01 9.939183186794255942e-01 1.001644975730696885e+00 9.978280915917083771e-01 9.971356480089713648e-01
1.005278751019614836e+00 1.008482348515906013e+00 1.002015984176426233e+00 9.949241153126043846e-01 9.924220972152369979e-01 9.948987570210771070e-01 1.002633035936925765e+00 9.988123866801349449e-01 9.981192600450533581e-01 1.002413264077021804e+00 9.992096665807302935e-01
1.009094776656542569e+00 1.002624485442690672e+00 9.955283098499823069e-01 9.930247723345571043e-01 9.955029361589475823e-01 1.003241911924535268e+00 9.994189424753051609e-01 9.987253949203561687e-01 1.003022006602234395e+00 9.998164636348487733e-01 1.001102063980607859e+00
1.003426495409613262e+00 9.963246435107354637e-01 9.938191033890813042e-01 9.962992495230159617e-01 1.004044415777453736e+00 1.000218388294387362e+00 9.995242859633883814e-01 1.003824334550551534e+00 1.000616227435325412e+00 1.001902856146445364e+00 1.017223895403857270e+00
9.949518686200985451e-01 9.924497807291895457e-01 9.949265096212042137e-01 1.002661004283980306e+00 9.988402484505652934e-01 9.981471024807863079e-01 1.002441226293562693e+00 9.992375394332432270e-01 1.000522395377223761e+00 1.015822324710146773e+00 1.002508850290614095e+00
9.917003545889623295e-01 9.941752132348345983e-01 1.001903867367848644e+00 9.980859966923051330e-01 9.973933741361222793e-01 1.001684255337839335e+00 9.984829876696291739e-01 9.997668733835288757e-01 1.015055249318780328e+00 1.001751828270149858e+00 9.956702643622044047e-01
9.937806912669625570e-01 1.001506278411585571e+00 9.976899227947882975e-01 9.969975750943956827e-01 1.001286753530973295e+00 9.980867562328178400e-01 9.993701324579358225e-01 1.014652441454402920e+00 1.001354299648084867e+00 9.952751491080534807e-01 9.921258113977318160e-01
1.001672043101555554e+00 9.978550558192167408e-01 9.971625935246329897e-01 1.001452481886199841e+00 9.982519549392827596e-01 9.995355435829013091e-01 1.014820382036514701e+00 1.001520039183232180e+00 9.954398824503031262e-01 9.922900234761605764e-01 9.910739921295748101e-01
9.989137096603758481e-01 9.982205127121330790e-01 1.002514952342709931e+00 9.993110298624172660e-01 1.000595980303062404e+00 1.015897034892321971e+00 1.002582581313270049e+00 9.964959739628463931e-01 9.933427732104740393e-01 9.921254517403892415e-01 9.975019548999303209e-01
9.983614568660705846e-01 1.002656502851809073e+00 9.994521279923702650e-01 1.000737259862118922e+00 1.016040474890045120e+00 1.002724141371269528e+00 9.966366746198291882e-01 9.934830286499858332e-01 9.922655352996977429e-01 9.976427975968034101e-01 9.907859426865004426e-01
1.007536794102626310e+00 1.004716729688228227e+00 1.002197586781464089e+00 1.004768316232394154e+00 1.005473332335993675e+00 9.925337075077339533e-01 9.962651342023948198e-01 9.967294130998871626e-01 9.954741405251854580e-01 9.943048455240937056e-01 9.881660467683610616e-01
1.006666718353331769e+00 1.004142686207672108e+00 1.006718405018430795e+00 1.007424789441448088e+00 9.944600509458230153e-01 9.981987197213055829e-01 9.986638997071950463e-01 9.974061908564566536e-01 9.962346264475497870e-01 9.900839133007880433e-01 9.866295211833490120e-01
1.006158746326115905e+00 1.008739636517438365e+00 1.009447439178603689e+00 9.964566708242881266e-01 1.000202845884602398e+00 1.000668959832199167e+00 9.994087258257338124e-01 9.982348092169718301e-01 9.920717470209708955e-01 9.886104193730768097e-01 9.481275598503258184e-01
1.014627641101865763e+00 1.015339575201078093e+00 1.002272979843582990e+00 1.006041021295511761e+00 1.006509855946212451e+00 1.005242265964688020e+00 1.004061497214775001e+00 9.978624612777307057e-01 9.943809298901190585e-01 9.536617722644367134e-01 9.569696611888258708e-01
1.006296089424973728e+00 1.001585511570522558e+00 9.946036044316552971e-01 9.987662351435622199e-01 1.019402631560341499e+00 1.012721211564159507e+00 1.000533806571123563e+00 9.966628251447642306e-01 9.850498808656857896e-01 9.843782037232124971e-01 1.005721628711016447e+00
1.023040783320770863e+00 1.013554800986468996e+00 1.010042151790353504e+00 9.963300133919751334e-01 9.984522389479615345e-01 9.950676550871209169e-01 9.927075939084808454e-01 9.909146792146301674e-01 9.896980585295173105e-01 9.901920248227209509e-01 9.799102079049243352e-01
1.017945257456060348e+00 1.014417392374850513e+00 1.000645856550023804e+00 1.002777275036587978e+00 9.993780300364638602e-01 9.970077456850261477e-01 9.952070645498252155e-01 9.939851737795104558e-01 9.944812798065555404e-01 9.841549247250976906e-01 9.843570419953753259e-01
1.017836122272706589e+00 1.004018174426932974e+00 1.006156776094857985e+00 1.002746075158943206e+00 1.000367802614440471e+00 9.985610529294692839e-01 9.973350442146675654e-01 9.978328221890984118e-01 9.874716658324275143e-01 9.876744642664548879e-01 9.976576780869838013e-01
1.006048223218970028e+00 1.008191148977676477e+00 1.004773551862498060e+00 1.002390470630833086e+00 1.000580067834684339e+00 9.993515802230120704e-01 9.998503646668489564e-01 9.894682588358739705e-01 9.896714673129927142e-01 9.996748664366099657e-01 9.939018983366462168e-01
1.009417219927181142e+00 1.005995466639292291e+00 1.003609487319629512e+00 1.001796882875234385e+00 1.000566901287966326e+00 1.001066292308360861e+00 9.906715606986663536e-01 9.908750162995678679e-01 1.000890580653036821e+00 9.951105919910625541e-01 9.879988939413693050e-01
1.008154765380198992e+00 1.005763664723202444e+00 1.003947169650445170e+00 1.002714547993931449e+00 1.003215010922140049e+00 9.927979677497982269e-01 9.930018600538832452e-01 1.003038922114066533e+00 9.972465271116524033e-01 9.901195643006818203e-01 9.960139054551386817e-01
1.006986232602851805e+00 1.005167529468094179e+00 1.003933409483794614e+00 1.004434480755615366e+00 9.940047750236384871e-01 9.942089151714174067e-01 1.004258177900715365e+00 9.984587418842691964e-01 9.913231158096336149e-01 9.972246218999695211e-01 9.936892857043438942e-01
1.006505874985365923e+00 1.005270111813338474e+00 1.005771850244086441e+00 9.953282577225907035e-01 9.955326696758584060e-01 1.005595312648082551e+00 9.997881548847952216e-01 9.926430279728465367e-01 9.985523917127677729e-01 9.950123483402678604e-01 9.960901568211338875e-01
1.005704740185366042e+00 1.014142045821452065e+00 1.009545286154661881e+00 9.966811565141437956e-01 9.949817998905614580e-01 9.990942429196305596e-01 9.943020572411286340e-01 9.936817920735210308e-01 9.968680857427378861e-01 9.949987934567973147e-01 9.846667051854167685e-01
1.026122650028733485e+00 1.014079303833839596e+00 1.013923323208275162e+00 1.006633281339791575e+00 9.981774895328792141e-01 9.926442820786471888e-01 9.870125605451113282e-01 9.886462523602331798e-01 9.886052048271899428e-01 9.841556522453001055e-01 1.001239635497906511e+00
1.016608933319836261e+00 1.016452563599268943e+00 1.009144336659070440e+00 1.000667451807263797e+00 9.951204417197707652e-01 9.894746718087614745e-01 9.911124388820717890e-01 9.910712889556066996e-01 9.866106369267918508e-01 1.003737236321558646e+00 1.009341856306102958e+00
1.017191764688441413e+00 1.009878222941130943e+00 1.001395173391885551e+00 9.958441293179133291e-01 9.901942535987071636e-01 9.918332117155030936e-01 9.917920318633223209e-01 9.873281358869232527e-01 1.004467190364573215e+00 1.010075886231598830e+00 1.012620801096372203e+00
1.010340045697580180e+00 1.001853116804036770e+00 9.962995342076792493e-01 9.906470747698434831e-01 9.922867823910231921e-01 9.922455837070740525e-01 9.877796463669763494e-01 1.004926538626649934e+00 1.010537799380536672e+00 1.013083878048599562e+00 1.016981273550197740e+00
1.001188204904824408e+00 9.956383081213765474e-01 9.899896001192323158e-01 9.916282194959475937e-01 9.915870481548241244e-01 9.871240747770366752e-01 1.004259586952637395e+00 1.009867123613658269e+00 1.012411512495090316e+00 1.016306321365373577e+00 1.024771149100365042e+00
1.001608385537324120e+00 9.930181445993430112e-01 9.936197660834746870e-01 9.992552078335688037e-01 1.001364690758941745e+00 1.000778300198459148e+00 1.000976302205894841e+00 9.995979036156689146e-01 1.006093892551926050e+00 1.003687406615399347e+00 1.000062446786960546e+00
1.009591237266497465e+00 1.010827461914173275e+00 1.006854438046485223e+00 1.010337637053773552e+00 1.012226961515316104e+00 9.948031914810904208e-01 9.938002167669383047e-01 9.907446426377768400e-01 9.857142190714475172e-01 9.850999942465016312e-01 9.868649187434981318e-01
1.013129933271043281e+00 1.009147859615928455e+00 1.012638992683426498e+00 1.014532620664234663e+00 9.970691626190042456e-01 9.960639033205506143e-01 9.930013691787497043e-01 9.879594872710013576e-01 9.873438633595452707e-01 9.891128080165141334e-01 9.860268957514934929e-01
1.012549201281428557e+00 1.014840452798128512e+00 1.013761724894280736e+00 1.012682996990433182e+00 9.979487445363272036e-01 9.982497848815868879e-01 9.821441264101862245e-01 9.817761882104241167e-01 9.906067050047123734e-01 9.954400749924953162e-01 1.000306893907529027e+00
9.905365999948062550e-01 9.984946685129385546e-01 9.957973021310031481e-01 1.007667389594364638e+00 1.002951186883092483e+00 1.004936515555511001e+00 1.007449589824394698e+00 9.950098721934195201e-01 9.965177167547497605e-01 1.000639158555719499e+00 1.025376186275766210e+00
1.008889353433482849e+00 1.006790672639539697e+00 9.952026626086685201e-01 9.877790936826416068e-01 9.894251178347540643e-01 9.961985072206964720e-01 9.983136482561608682e-01 1.005054117159061233e+00 1.007284479885173445e+00 1.005062347279821688e+00 1.008872893191961717e+00
1.006792329844030665e+00 9.952043007389838047e-01 9.877807195935630613e-01 9.894267464550754454e-01 9.962001469901987649e-01 9.983152915072420752e-01 1.005055771505135143e+00 1.007286137902484446e+00 1.005064001639442761e+00 1.008874553823843723e+00 1.009722257657522659e+00
9.949127984709598138e-01 9.874913917441375810e-01 9.891369364729230007e-01 9.959083530318750821e-01 9.980228780083643114e-01 1.004761383672740704e+00 1.006991096780244899e+00 1.004769611396384654e+00 1.008579047443522780e+00 1.009426502978847173e+00 1.006127185797632384e+00
9.863852211518072677e-01 9.880289225701572864e-01 9.947927539066673264e-01 9.969049102292469877e-01 1.003635867537389981e+00 1.005863082959254307e+00 1.003644086044481742e+00 1.007449254827961882e+00 1.008295761058412010e+00 1.005000139714620433e+00 1.004622088388400059e+00
9.862303473791719233e-01 9.929818660606979375e-01 9.950901774837260794e-01 1.001808881979679766e+00 1.004032043052211387e+00 1.001817085526072848e+00 1.005615327506080625e+00 1.006460292784570498e+00 1.003170670680935128e+00 1.002793307546852475e+00 9.964109484530160321e-01
