9.767705695983618375e-01 9.870086747187978293e-01 9.857634997717178438e-01 9.947564299450738501e-01 9.961399576640517228e-01 1.013018995835581526e+00 1.010805351485216885e+00 1.009145118222443349e+00 1.008315001591056692e+00 1.018276401167697243e+00 1.020074987202368444e+00
9.810333551340746361e-01 9.976564203182909374e-01 9.954763461957707449e-01 9.938412906038806005e-01 9.930237628079354728e-01 1.002834096359276339e+00 1.004605406583823912e+00 1.014279485502507017e+00 1.008420536298234138e+00 1.008829300196206757e+00 1.006376716808371485e+00
9.951344151784501380e-01 9.929598521297127167e-01 9.913289298431596785e-01 9.905134686998831040e-01 1.000299002419201333e+00 1.002065834896300522e+00 1.011715458425072711e+00 1.005871320231590982e+00 1.006279050803229325e+00 1.003832667373399712e+00 1.003968577563945752e+00
9.961831027855229115e-01 9.979426653312037931e-01 1.007552583849922856e+00 1.001732492352670700e+00 1.002138545247827750e+00 9.997022278768848969e-01 9.998375788419372467e-01 9.982133672613086040e-01 9.988901220865705755e-01 9.978073143661515543e-01 9.791288811889229393e-01
1.006281612008484316e+00 1.006689508892152141e+00 1.004242127590145417e+00 1.004378093218034618e+00 1.002746505683363321e+00 1.003426333822809768e+00 1.002338608799695718e+00 9.835753521509763564e-01 9.862946647087617036e-01 1.000027193125577973e+00 1.011584271496165810e+00
1.001926259529558605e+00 1.002061911609104961e+00 1.000434086654548249e+00 1.001112347052280249e+00 1.000027130415909182e+00 9.813071434385087777e-01 9.840201850294363339e-01 9.977210450636206929e-01 1.009251471825062918e+00 1.022138419381969143e+00 1.016983640359206742e+00
1.000555337333568051e+00 9.989299597719052404e-01 9.996072004225980967e-01 9.985236153814895932e-01 9.798317734223678244e-01 9.825407360251390276e-01 9.962209971691339261e-01 1.007734088230911818e+00 1.020601660594075311e+00 1.015454631648810002e+00 1.019247179292689820e+00
1.000209687565527306e+00 9.978507024533443959e-01 9.962780457118892707e-01 9.973264835395260208e-01 9.996854686517088195e-01 1.005451876703711500e+00 1.002175508492346268e+00 1.002830782134619403e+00 1.003617110505346854e+00 9.945743342419792743e-01 9.810756972111552843e-01
9.997636492554952126e-01 9.981879776254629633e-01 9.992384253788177961e-01 1.001601932823866115e+00 1.007379395467318028e+00 1.004096746238084092e+00 1.004753276083930835e+00 1.005541111898947015e+00 9.964810000262612766e-01 9.829564852018174426e-01 9.857139105543739621e-01
9.995923787984379860e-01 1.000644304479888502e+00 1.003011137263152275e+00 1.008796728511130780e+00 1.005509460756597528e+00 1.006166914307504268e+00 1.006955858568592044e+00 9.978829995660806196e-01 9.843394564174041683e-01 9.871007613312120510e-01 9.775019394879751466e-01
1.002859665537735756e+00 1.005231738334014135e+00 1.011030138502695186e+00 1.007735592952308412e+00 1.008394502062385678e+00 1.009185192994478397e+00 1.000092247275410795e+00 9.865187196078174514e-01 9.892861378701423014e-01 9.796660648630128865e-01 9.833559558794461308e-01
9.958330577419139962e-01 9.950393544546597413e-01 9.963621932667504622e-01 9.913354057808054787e-01 9.958330577419139962e-01 9.958330577419139962e-01 1.001785832396322462e+00 1.015146504398438898e+00 1.004431510020503904e+00 1.008400026456776066e+00 1.009590581387658004e+00
9.999609491949026374e-01 1.002564336201398065e+00 1.002043658800098935e+00 1.003605691003996103e+00 1.002303997500748389e+00 9.993101024432787804e-01 9.995704411439282344e-01 9.957955299845098196e-01 9.964463767361336766e-01 9.983989169910052475e-01 9.970972234877575335e-01
1.002851525370763497e+00 1.002330698819025701e+00 1.003893178474238645e+00 1.002591112094894710e+00 9.995963594224034354e-01 9.998567726982721116e-01 9.960807801981744758e-01 9.967318133878465547e-01 9.986849129568625694e-01 9.973828465775185226e-01 9.976432598533874208e-01
1.002853011294798202e+00 1.004416305154961719e+00 1.003113560271492233e+00 1.000117247039512547e+00 1.000377796016206355e+00 9.965998358541447999e-01 9.972512082958795432e-01 9.992053256210837731e-01 9.979025807376142865e-01 9.981631297143082060e-01 9.988145021560429493e-01
1.004513789234743104e+00 1.001513293500665425e+00 1.001774206173193793e+00 9.979909724215305644e-01 9.986432541028518184e-01 1.000600099146815580e+00 9.992955357841730724e-01 9.995564484567016628e-01 1.000208730138022917e+00 9.959036710413025073e-01 9.973386907402093104e-01
1.002232405122782222e+00 1.002493505137142638e+00 9.987075549289154974e-01 9.993603049648167591e-01 1.001318555072520544e+00 1.000013055000718021e+00 1.000274155015078659e+00 1.000926905050979920e+00 9.966187548140315045e-01 9.980548048930142357e-01 9.989686549432760243e-01
1.002820800794003153e+00 9.990336145427951564e-01 9.996865776895551559e-01 1.001645467129835154e+00 1.000339540836315155e+00 1.000600726095019155e+00 1.001253689241779155e+00 9.969441324731631582e-01 9.983806513960351570e-01 9.992947998014992672e-01 9.987724292840911566e-01
9.994382242660987403e-01 1.000091451863658332e+00 1.002051134656336773e+00 1.000744679461217812e+00 1.001005970500241649e+00 1.001659198097801129e+00 9.973478959539081590e-01 9.987849966685391490e-01 9.996995153051225769e-01 9.991769332270747928e-01 1.001267261539265485e+00
1.001279339965013948e+00 9.999738910211222187e-01 1.000234980809900698e+00 1.000887705281846562e+00 9.965797237670034336e-01 9.980157176052845136e-01 9.989295318660088574e-01 9.984073522884520102e-01 1.000496070598678955e+00 1.005195686796689358e+00 1.004673507219132622e+00
9.996345983191523565e-01 9.998955995197579272e-01 1.000548102521271687e+00 9.962415827112804934e-01 9.976770893146108543e-01 9.985905935167302960e-01 9.980685911155191548e-01 1.000156600720363276e+00 1.004854622331262659e+00 1.004332619930051740e+00 1.003419115727932409e+00
1.000255427841634903e+00 1.002426564495529915e+00 1.002554278416347477e+00 1.002043422733077893e+00 9.977011494252874257e-01 9.992337164750957346e-01 1.000000000000000000e+00 9.994891443167305267e-01 9.978288633461046553e-01 9.984674329501914691e-01 9.993614303959131862e-01
1.002516189186772655e+00 1.002643914526202717e+00 1.002133013168482467e+00 9.977903516278594509e-01 9.993230557010204240e-01 1.000089407737601022e+00 9.995785063798806602e-01 9.979180769672894025e-01 9.985567036644398264e-01 9.994507810404504866e-01 9.988121543433000626e-01
9.975603144483600193e-01 9.976893983399811594e-01 9.970439788818753479e-01 9.989802372561928934e-01 1.000271076172404516e+00 9.980766500148448017e-01 9.998838244975410960e-01 1.002207334546721951e+00 1.004789012379145197e+00 1.003498173462933574e+00 1.001432831196994888e+00
9.925767630187830592e-01 9.953885952086379829e-01 9.953885952086379829e-01 1.009166572938926976e+00 1.020695084917332185e+00 1.017039703070520718e+00 1.008604206500955947e+00 9.917332133618266266e-01 9.894837476099426210e-01 9.799235181644360138e-01 9.886401979529862993e-01
9.957805907172996296e-01 9.957805907172996296e-01 1.009563994374120810e+00 1.021097046413502074e+00 1.017440225035161738e+00 1.009001406469760775e+00 9.921237693389591827e-01 9.898734177215189334e-01 9.803094233473980124e-01 9.890295358649789925e-01 9.938115330520393975e-01
9.959767042736967779e-01 1.009762822496694135e+00 1.021298145907773902e+00 1.017640604338407195e+00 1.009200123793714710e+00 9.923191627043300711e-01 9.900683678924120379e-01 9.805024899417608131e-01 9.892243198379430114e-01 9.940072588132685683e-01 9.899276932166672927e-01
1.010373998845769394e+00 1.021916304210126247e+00 1.018256548850695831e+00 1.009810959559703125e+00 9.929197809777176031e-01 9.906676238334528595e-01 9.810959559703277266e-01 9.898230649043536777e-01 9.946088988359161887e-01 9.905268640119364587e-01 9.946088988359161887e-01
1.023529909348521727e+00 1.019864375237907073e+00 1.011405450367258263e+00 9.944876006259603107e-01 9.922318873271205319e-01 9.826451058070518885e-01 9.913859948400558508e-01 9.961793856000902281e-01 9.920909052459432331e-01 9.961793856000902281e-01 9.925138514894755737e-01
1.007194244604316502e+00 1.001790842004507853e+00 1.005496032358662362e+00 1.004106585975854449e+00 9.994750980331613688e-01 1.000092629758853713e+00 1.001327693210238623e+00 9.949979930218915136e-01 9.934541637076604870e-01 9.920647173248525741e-01 9.951523759533146274e-01
1.002022399347393788e+00 9.945446202477863373e-01 9.981135602725987876e-01 9.979436107476078455e-01 9.972638126476434106e-01 1.008480481297054698e+00 1.006780986047143722e+00 9.979436107476078455e-01 1.001002702197447247e+00 9.959042164477148740e-01 1.002022399347393788e+00
1.010421463780722950e+00 1.001552132903511971e+00 1.004622285899469558e+00 9.995053642395401727e-01 1.005645670231455568e+00 9.995053642395401727e-01 9.942178785242797856e-01 9.913182895836533115e-01 9.940473144689487839e-01 9.991642361288781693e-01 1.001211004792849968e+00
1.000648884942454186e+00 1.006796215976230258e+00 1.000648884942454186e+00 9.953553498855912673e-01 9.924524435640860176e-01 9.951845906902085925e-01 1.000307366551688615e+00 1.002356476896280935e+00 1.001331921723984886e+00 1.004917864827020946e+00 1.010552918274649103e+00
9.997270369864882378e-01 9.944383785996995240e-01 9.915381465811381467e-01 9.942677767162547697e-01 9.993858332195985072e-01 1.001433055820936113e+00 1.000409444520267366e+00 1.003992084072607982e+00 1.009621946226286093e+00 1.005186297256721595e+00 1.002797870888494369e+00
9.906424176311169338e-01 9.933695818916291609e-01 9.984830148800898364e-01 1.000528388075474284e+00 9.995057014777819493e-01 1.003085104569704455e+00 1.008709880857011187e+00 1.004278238933678846e+00 1.001891970205730287e+00 9.995057014777819493e-01 9.926877908265010486e-01
9.965510667429244851e-01 9.934314286209466882e-01 9.922182360179552241e-01 9.937780550789441225e-01 9.941246815369417789e-01 9.972443196589194647e-01 9.979375725749145554e-01 1.008682992772838238e+00 1.011109377978821167e+00 1.014922269016794054e+00 1.018735160054766942e+00
9.912324692617636712e-01 9.900219620592457526e-01 9.915783284624829497e-01 9.919241876632023391e-01 9.950369204696767333e-01 9.957286388711155123e-01 1.006450274093416697e+00 1.008871288498452312e+00 1.012675739706365707e+00 1.016480190914278658e+00 1.010254725301329870e+00
9.881422924901184235e-01 9.896957039542949586e-01 9.900409065018898058e-01 9.931477294302429870e-01 9.938381345254325705e-01 1.004539413500871392e+00 1.006955831334034990e+00 1.010753059357577976e+00 1.014550287381120519e+00 1.008336641524414379e+00 9.896957039542949586e-01
1.002450591491687248e+00 1.001745385307029057e+00 9.999823698453833565e-01 9.989245605683959583e-01 9.989245605683959583e-01 9.908146894448262021e-01 9.934592126372945309e-01 9.961037358297629707e-01 1.007739637876623906e+00 1.009855256430598480e+00 1.008797447153611415e+00
1.001109995242877471e+00 9.993480980319607854e-01 9.982909597054107076e-01 9.982909597054107076e-01 9.901862325351937777e-01 9.928290783515688611e-01 9.954719241679439445e-01 1.007100445759994356e+00 1.009214722413094290e+00 1.008157584086544434e+00 1.005338548549077560e+00
9.989256969761011185e-01 9.978690054771841567e-01 9.978690054771841567e-01 9.897677039854879677e-01 9.924094327327802612e-01 9.950511614800724436e-01 1.006674767968158246e+00 1.008788150965991948e+00 1.007731459467075208e+00 1.004913615469963384e+00 1.011253764463464933e+00
9.966403405393045034e-01 9.966403405393045034e-01 9.885490140894619415e-01 9.911874901057149412e-01 9.938259661219679408e-01 1.005435260593481317e+00 1.007546041406483628e+00 1.006490650999982472e+00 1.003676276582645910e+00 1.010008619021653287e+00 1.017044555064994471e+00
9.946459980284902969e-01 1.000057985580918851e+00 1.007016255291184326e+00 1.006629684751724874e+00 1.004310261514969937e+00 1.010108819606857722e+00 1.002763979357133017e+00 9.983184181533525381e-01 9.942594274890309558e-01 9.818891702263370380e-01 9.780234648317451818e-01
9.752596924953803592e-01 9.756185076876154882e-01 9.784890292254974087e-01 9.756185076876154882e-01 9.779508064371446041e-01 1.008270690181022333e+00 1.022982113062667286e+00 1.036258275175371057e+00 1.029799601715136737e+00 1.019752776332550015e+00 1.017599885179138575e+00
9.844779535261438674e-01 9.970284786179658409e-01 9.935217142540743174e-01 9.999815433454531943e-01 9.970284786179658409e-01 1.014008600801018956e+00 1.009579003709787592e+00 1.005887672800428234e+00 9.977667447998377348e-01 1.000719809527325310e+00 9.927834480722025345e-01
9.938756993800090811e-01 9.848026614244670407e-01 9.908513533948285490e-01 1.006351126568879595e+00 1.028277634961439757e+00 1.029411764705882470e+00 1.011265688794798168e+00 9.934976561318615840e-01 9.844246181763193215e-01 9.772417964615152108e-01 9.844246181763193215e-01
9.857342869035454758e-01 9.917887009497861062e-01 1.007303136943277444e+00 1.029250387860899618e+00 1.030385590494569792e+00 1.012222348355848123e+00 9.944375070950163265e-01 9.853558860256553809e-01 9.781662693457446878e-01 9.853558860256553809e-01 9.891398948045556638e-01
9.914510515963080861e-01 1.006960205779996897e+00 1.028899984869117823e+00 1.030034801028899993e+00 1.011877742472386155e+00 9.940989559691330024e-01 9.850204266908759720e-01 9.778332576789225961e-01 9.850204266908759720e-01 9.888031472234829478e-01 9.940989559691330024e-01
1.006693642930075905e+00 1.028627614113375888e+00 1.029762129864236320e+00 1.011609877850470740e+00 9.938357977536588228e-01 9.847596717467759220e-01 9.775744053246605558e-01 9.847596717467759220e-01 9.885413909163104362e-01 9.938357977536588228e-01 9.896759066671708682e-01
1.030381089476475553e+00 1.031517539207515988e+00 1.013334343510872149e+00 9.955299643912419727e-01 9.864383665429199421e-01 9.792408515796652280e-01 9.864383665429199421e-01 9.902265323130541308e-01 9.955299643912419727e-01 9.913629820440943430e-01 9.928782483521481073e-01
1.001037438800211232e+00 9.981253298873378199e-01 9.946672005533008232e-01 9.897530167628268982e-01 9.892069963416633138e-01 9.924831188686457084e-01 9.933931529039186081e-01 9.882969623063903031e-01 1.041078936352219708e+00 1.011957847223486251e+00 1.022878255646761270e+00
9.906234342566747619e-01 9.888340133132920151e-01 9.974232338415289778e-01 9.970653496528525395e-01 9.956338128981462310e-01 9.974232338415289778e-01 9.967074654641759901e-01 9.977811180302056382e-01 1.013170138143297150e+00 1.025338200558299384e+00 1.028201274067711779e+00
9.851320996898063065e-01 9.936891646165363357e-01 9.933326202445894593e-01 9.919064427568009545e-01 9.936891646165363357e-01 9.929760758726422498e-01 9.940457089884835451e-01 1.009377116982208333e+00 1.021499625628409458e+00 1.024351980603986023e+00 1.016508004421150302e+00
9.905811267105028017e-01 9.902256975297671904e-01 9.888039808068240788e-01 9.905811267105028017e-01 9.898702683490313570e-01 9.909365558912386351e-01 1.006220010662875364e+00 1.018304602807890369e+00 1.021148036253776370e+00 1.013328594277590256e+00 1.010485160831704254e+00
9.882586641126602789e-01 9.868397715582988283e-01 9.886133872512504750e-01 9.879039409740698607e-01 9.889681103898408931e-01 1.004221205349225210e+00 1.016281792061296319e+00 1.019119577170018998e+00 1.011315668121031797e+00 1.008477883012309118e+00 1.019119577170018998e+00
9.838036636254330336e-01 9.855718226182896835e-01 9.848645590211471124e-01 9.859254544168610801e-01 1.001131621755428247e+00 1.013155102906853289e+00 1.015984157295424017e+00 1.008204257726854847e+00 1.005375203338284118e+00 1.015984157295424017e+00 1.005021571539712610e+00
9.811865839909806875e-01 9.822435174746335651e-01 9.973928974069897757e-01 1.009371476888387686e+00 1.012189966178128397e+00 1.004439120631341664e+00 1.001620631341600731e+00 1.012189966178128397e+00 1.001268320180383142e+00 9.980975197294249535e-01 9.945744081172490647e-01
9.809302652874530848e-01 9.960593906129052710e-01 1.008021954823727695e+00 1.010836675814509533e+00 1.003096193089859645e+00 1.000281472099078028e+00 1.010836675814509533e+00 9.999296319752301043e-01 9.967630708606006751e-01 9.932446696221234328e-01 9.906058686932655011e-01
9.950965746322432137e-01 1.007047575528568162e+00 1.009859575739468163e+00 1.002126575159493216e+00 9.993145749485931040e-01 1.009859575739468163e+00 9.989630749222305761e-01 9.957995746849681584e-01 9.922845744213431018e-01 9.896483242236243649e-01 9.806850735513804596e-01
9.961450991145018863e-01 9.927579477088339655e-01 9.896933821513250740e-01 9.895320892272455593e-01 9.974354425071371155e-01 1.008080775496378978e+00 9.996935434442489887e-01 1.012113098598364402e+00 1.008080775496378978e+00 1.006467846255584719e+00 1.012596977370602724e+00
1.005591842488604781e+00 9.946274454521246700e-01 9.943141769653679463e-01 1.000109643970364726e+00 9.918080290713154890e-01 9.936876399918548319e-01 9.965070563726641240e-01 1.002929060351173796e+00 1.012013846467114675e+00 1.008411258869413851e+00 1.009507698573061996e+00
9.942381161144859814e-01 9.939249702511427920e-01 9.997181687229910185e-01 9.914198033443978320e-01 9.932986785244565242e-01 9.961169912945450067e-01 1.002536481493079279e+00 1.011617711530030661e+00 1.008016534101584316e+00 1.009112544623285368e+00 1.020542368635310115e+00
9.913173839715161417e-01 9.970953838465864694e-01 9.888187894309453663e-01 9.906927353363733646e-01 9.935036541945158062e-01 9.999063027047286889e-01 1.008963707914298347e+00 1.005371978262227683e+00 1.006465113373727460e+00 1.017864950965082338e+00 1.005684302579799017e+00
9.881773859405909022e-01 9.909811679309646903e-01 9.973675602423712760e-01 1.006401968878019915e+00 1.002819358556986673e+00 1.003909718219909930e+00 1.015280611847536374e+00 1.003130889889250588e+00 9.959656692471844375e-01 9.959656692471844375e-01 1.007803859873206642e+00
9.890400310921104721e-01 9.954139137193935838e-01 1.004430625728721438e+00 1.000855033035367159e+00 1.001943256898562007e+00 1.013291877186163870e+00 1.001165954139137115e+00 9.940147687524290010e-01 9.940147687524290010e-01 1.005829770695686021e+00 9.952584531675088275e-01
9.818108732790673532e-01 9.876968574586904026e-01 9.812366309200797332e-01 9.991817046384425804e-01 1.000043068176924121e+00 1.007795340023256658e+00 1.003057840561609071e+00 1.011384354766929228e+00 1.009948748869460289e+00 1.017844581305539897e+00 1.050863516947327492e+00
9.809233225926032862e-01 9.745073996977389186e-01 9.923294077390288903e-01 9.931848641250109466e-01 1.000883971598848232e+00 9.961789614759476441e-01 1.004448373207106116e+00 1.003022612563802873e+00 1.010864296101970483e+00 1.043656790897944164e+00 1.048646953149505512e+00
9.643591501028101476e-01 9.718985606579849668e-01 1.003427004797806665e+00 1.008224811514736086e+00 1.017820424948594926e+00 1.008910212474297463e+00 1.010006854009595445e+00 1.016586703221384447e+00 1.000000000000000000e+00 9.987662782727896316e-01 1.010829335161069098e+00
9.898020395920815728e-01 9.910783800686671086e-01 1.009585316979157321e+00 1.005245759358766477e+00 1.008564244597889070e+00 1.006394465787693537e+00 9.968219122133019638e-01 9.904402098303742852e-01 9.975877164992533741e-01 1.004479955072815178e+00 9.980982526898874996e-01
9.902568418904788006e-01 1.008748437778968166e+00 1.004412477363736178e+00 1.007728211798913476e+00 1.005560231591297482e+00 9.959956130282857645e-01 9.896192006529446195e-01 9.967607825133267818e-01 1.003647307878695161e+00 9.972708955033540157e-01 9.787792996148647617e-01
1.009907563454369051e+00 1.005566620703743475e+00 1.008886165160104209e+00 1.006715693784791421e+00 9.971400847760584218e-01 9.907563454369031630e-01 9.979061334967570529e-01 1.004800571983044843e+00 9.984168326438894736e-01 9.799039885603391120e-01 9.848833052448802139e-01
1.008089289371288277e+00 1.011417161580995483e+00 1.009241245136186738e+00 9.996416137620315334e-01 9.932418595125948046e-01 1.000409584271964025e+00 1.007321318861355675e+00 1.000921564611918946e+00 9.823622772885521881e-01 9.873540856031128854e-01 9.847941839033381717e-01
1.013778769917635492e+00 1.011597772817078633e+00 1.001975726785210519e+00 9.955610294306317387e-01 1.002745490467759959e+00 1.009673363610705144e+00 1.003258666256126252e+00 9.846560439278477794e-01 9.896595078644191412e-01 9.870936289225876736e-01 9.827316347214740677e-01
1.014748275507052488e+00 1.005096262740656998e+00 9.986615875630598937e-01 1.005868423761968611e+00 1.012817872953773346e+00 1.006383197776176353e+00 9.877226397611449382e-01 9.927416863996705310e-01 9.901678163286317114e-01 9.857922372078657958e-01 1.000978070626994842e+00
1.001587567923383659e+00 1.008815519444480335e+00 1.015785329839823392e+00 1.009331801695987130e+00 9.906165700788621686e-01 9.956503220310544133e-01 9.930689107735198862e-01 9.886805116357112455e-01 1.003910838055164678e+00 9.925526285220129807e-01 1.000167791731739753e+00
1.010956425591797769e+00 1.006433130622707006e+00 9.848218324370507926e-01 9.900990099009900902e-01 9.946223048700809644e-01 9.990199527566969717e-01 9.987686585917474602e-01 9.844448911896266363e-01 1.008694778107252388e+00 1.022139015932050032e+00 1.023269839674322723e+00
1.005195391913259684e+00 9.836106718871571175e-01 9.888813593353915632e-01 9.933990914338781675e-01 9.977913309740733538e-01 9.975403458574907400e-01 9.832341942122833078e-01 1.007454257962502986e+00 1.020881961699671381e+00 1.022011394724293032e+00 1.021258439374545191e+00
9.820332272533640605e-01 9.872954619490315054e-01 9.918059488310322358e-01 9.961911444107550695e-01 9.959405618061993870e-01 9.816573533465307033e-01 1.005838574686145348e+00 1.019244744029869532e+00 1.020372365750369603e+00 1.019620617936702889e+00 1.007342070313478777e+00
9.848030393921216596e-01 9.893021395720856814e-01 9.936762647470506193e-01 9.934263147370525626e-01 9.791791641671666602e-01 1.003299340131973638e+00 1.016671665666866620e+00 1.017796440711857597e+00 1.017046590681863538e+00 1.004799040191961756e+00 1.011672665466906595e+00
9.866510451072527665e-01 9.910134486669740506e-01 9.907641684635614121e-01 9.765551968690405760e-01 1.000610736498360742e+00 1.013947227380937566e+00 1.015068988296294439e+00 1.014321147686056301e+00 1.002106417718836795e+00 1.008961623312684575e+00 1.006967381685383245e+00
9.890041545388960076e-01 9.887553797547080636e-01 9.745752170559992544e-01 9.985819837301291857e-01 1.011891434684180524e+00 1.013010921213025828e+00 1.012264596860462218e+00 1.000074632435256516e+00 1.006915939000422977e+00 1.004925740726919869e+00 1.010523173371147054e+00
9.866322439708566927e-01 9.724825300681422258e-01 9.964377474648430377e-01 1.009718619285812080e+00 1.010835701962341959e+00 1.010090980177988707e+00 9.979271910335498763e-01 1.004753807390122766e+00 1.002767882631846907e+00 1.008353296014497413e+00 1.007112093040575029e+00
9.704949710152108722e-01 9.944012287568746444e-01 1.007654957142149366e+00 1.008769756725957478e+00 1.008026557003418811e+00 9.958876282019522019e-01 1.002700292325224174e+00 1.000718426398454097e+00 1.006292424317494882e+00 1.005053758113263696e+00 9.903136302829114168e-01
9.924343569203382120e-01 1.005661870147851467e+00 1.006774464718390050e+00 1.006032735004697587e+00 9.939178163477229155e-01 1.000717005389902603e+00 9.987390594867230353e-01 1.004302032339415618e+00 1.003065816149928402e+00 9.883548434950304440e-01 9.834099787370815804e-01
1.006570237196698914e+00 1.007683836721563031e+00 1.006941437038320286e+00 9.948155755453544913e-01 1.001620905975080245e+00 9.996411734864326659e-01 1.005209171110753807e+00 1.003971838305349085e+00 9.892475779210334608e-01 9.842982466994147916e-01 9.767505165864462935e-01
9.978758826568688844e-01 9.994833228084275545e-01 9.929387450485100963e-01 9.927091107411446513e-01 9.871978873643720842e-01 9.956943567368965464e-01 9.971869797347723274e-01 1.010965038176703468e+00 1.010965038176703468e+00 1.014983638555600143e+00 1.023020839313393271e+00
9.969764298966946603e-01 9.904482671736490884e-01 9.902192088324897057e-01 9.847218086446617447e-01 9.931969672675631244e-01 9.946858464850997228e-01 1.008429346954669459e+00 1.008429346954669459e+00 1.012437867924960599e+00 1.020454909865542659e+00 1.009689167831046674e+00
9.891907349156419116e-01 9.889619674006291383e-01 9.834715470403202486e-01 9.919359450957964119e-01 9.934229339433799932e-01 1.007148984844152162e+00 1.007148984844152162e+00 1.011152416356877248e+00 1.019159279382327643e+00 1.008407206176722859e+00 1.007720903631684317e+00
9.871327936794271896e-01 9.816525283432471216e-01 9.901012707365247634e-01 9.915855092650734948e-01 1.005286172605523554e+00 1.005286172605523554e+00 1.009282199413154890e+00 1.017274253028417341e+00 1.006542066745064856e+00 1.005857033578042348e+00 1.012250676470252353e+00
9.791930028357647142e-01 9.876205769471682050e-01 9.891010967234957763e-01 1.002767433120366203e+00 1.002767433120366203e+00 1.006753447902786647e+00 1.014725477467627757e+00 1.004020180623412584e+00 1.003336863803569123e+00 1.009714487455442011e+00 9.977564431081804575e-01
9.857906104353757470e-01 9.872683869500965548e-01 1.000909400932135984e+00 1.000909400932135984e+00 1.004888030010230748e+00 1.012845288166420277e+00 1.002159827213822796e+00 1.001477776514720919e+00 1.007843583039672586e+00 9.959076958053881823e-01 9.980675230192110892e-01
9.897066754202913375e-01 9.982649065628738105e-01 9.943961171422543988e-01 9.925203404534691520e-01 9.927548125395672107e-01 1.001195807639100765e+00 1.004947361016671037e+00 9.999062111655607765e-01 1.004478416844474697e+00 1.021829351215737924e+00 1.026987737109897214e+00
9.945570921323115821e-01 9.907026723976826155e-01 9.888338628293775745e-01 9.890674640254156769e-01 9.974771070827881392e-01 1.001214726219398221e+00 9.961923005045784096e-01 1.000747523827321794e+00 1.018034012334143146e+00 1.023173238646981842e+00 1.022706036254905637e+00
9.757593308689503919e-01 9.847878302642114612e-01 1.004207621416282059e+00 1.014428564127898058e+00 1.004889017597056400e+00 1.004037272371088418e+00 1.020050082619286869e+00 1.007444253274960344e+00 9.902389997104066310e-01 9.941570277498595898e-01 1.006592508048992363e+00
9.817607499490526024e-01 1.001120847768494082e+00 1.011310372936621294e+00 1.001800149446369304e+00 1.000951022349025221e+00 1.016914611779091260e+00 1.004347530738401106e+00 9.871951633720535968e-01 9.911011480198357315e-01 1.003498403641057024e+00 1.011819849195027654e+00
9.981205871895161286e-01 1.008279575354294799e+00 9.987978530671679511e-01 9.979512707201030342e-01 1.013867018844923251e+00 1.001337600108362702e+00 9.842366366976517122e-01 9.881309154941503303e-01 1.000491017761297785e+00 1.008787524762533749e+00 1.014713601191987946e+00
9.921556745109920694e-01 1.007978992021007825e+00 9.955223378109954169e-01 9.785206881459783679e-01 9.823923509409823174e-01 9.946806719859945245e-01 1.002928997071002692e+00 1.008820657846008606e+00 1.016732316601016706e+00 1.020267313066020254e+00 1.039625627041039557e+00
1.003216726980297180e+00 9.908189250770671475e-01 9.738976008577936438e-01 9.777509717196084527e-01 9.899812357592814305e-01 9.981905910735823229e-01 1.004054416298083119e+00 1.011928695885269791e+00 1.015446991019970380e+00 1.034713845329044313e+00 1.043928427824688310e+00
9.868014883783016167e-01 9.699487744239206899e-01 9.737865211660075015e-01 9.859671956082827204e-01 9.941432647544674595e-01 9.999833141445994000e-01 1.007825666182776692e+00 1.011329695816856056e+00 1.030518429527289559e+00 1.039695649997496973e+00 1.047037426373663038e+00
9.641411795926488892e-01 9.679559477210906149e-01 9.800636900417963870e-01 9.881908047502153680e-01 9.939958866848004337e-01 1.001791282425529062e+00 1.005274331586279990e+00 1.024348172228487952e+00 1.033470443839978659e+00 1.040768261129171313e+00 1.032641146420752332e+00
9.613705625566264512e-01 9.733959311424100758e-01 9.814677538917716548e-01 9.872333415698871795e-01 9.949757021662137824e-01 9.984350547730830305e-01 1.017379128572605262e+00 1.026439337781072547e+00 1.033687505147846242e+00 1.025615682398484552e+00 1.028580841775801114e+00
9.891953346743097564e-01 9.829939815072469278e-01 9.882412803409154067e-01 9.893543437298755183e-01 9.961917331192011726e-01 1.001280022897304001e+00 1.002949617980744001e+00 1.014000747342561182e+00 1.018930028065098359e+00 1.016862910342744009e+00 1.011456602453509879e+00
9.808105728270095636e-01 9.860462164541998753e-01 9.871568075266342612e-01 9.939790098287308862e-01 9.990559975884307775e-01 1.000721884197082190e+00 1.011748466987680395e+00 1.016666798879889422e+00 1.014604272602511514e+00 1.009209973107830338e+00 1.027772709604232837e+00
9.940070376072136504e-01 1.009841653837695308e+00 1.024136793490213471e+00 1.012590719155487262e+00 1.016274466681328370e+00 1.020563008577083819e+00 9.949417198152628039e-01 9.897734770178140407e-01 9.637123378051462019e-01 9.741587860127556286e-01 9.784473279085110775e-01
1.011415386818064421e+00 1.025732803956012518e+00 1.014168736267669679e+00 1.017858224530141076e+00 1.022153449671525438e+00 9.964922328012026931e-01 9.913159358359445728e-01 9.652141830536848932e-01 9.756769109621855618e-01 9.799721361035700351e-01 9.696195421730535724e-01
1.030037934504915986e+00 1.018425330959201069e+00 1.022130304471405404e+00 1.026443557216956792e+00 1.000674636967893827e+00 9.954766144283835327e-01 9.692653092823411143e-01 9.797719505856070654e-01 9.840852033311583424e-01 9.736891582521373101e-01 9.706477620854024879e-01
1.024509912997040750e+00 1.028237021873122714e+00 1.032576044146770400e+00 1.006653167486259770e+00 1.001424089361607539e+00 9.750561847755947475e-01 9.856255980062749167e-01 9.899646202799226025e-01 9.795064640306179182e-01 9.764468970427895300e-01 9.761131260986627423e-01
1.030289504254722655e+00 1.019416642345791324e+00 1.007857073368927603e+00 1.002248965647478895e+00 1.005339147453175208e+00 1.033780265183379399e+00 9.956680229131258386e-01 9.942946087772608355e-01 9.556673362060579269e-01 9.554384338500803153e-01 9.813616256645322222e-01
1.004657886283327972e+00 1.007755495388004130e+00 1.036264971777339117e+00 9.980611261529989120e-01 9.966844109953649777e-01 9.579642971869118950e-01 9.577348446606395171e-01 9.837203432609792353e-01 1.017163048965169070e+00 1.039993575329264175e+00 1.045729888486072179e+00
1.005867899985547043e+00 1.004480416245122187e+00 9.654574360456713578e-01 9.652261887556005115e-01 9.914149443561208752e-01 1.025119236883942797e+00 1.048128342245989275e+00 1.053909524497759875e+00 9.797947680300621576e-01 9.606012429541840314e-01 9.657464951582598323e-01
1.003276325801856217e+00 1.003530592994504644e+00 9.865381025589819997e-01 9.880885122702522949e-01 9.913753808581453608e-01 9.986499032234256168e-01 1.003654625771406073e+00 1.007462432022286025e+00 1.007381810717300041e+00 1.010042313781839729e+00 1.003877884769829087e+00
1.003470228343009474e+00 9.864787600445001914e-01 9.880290764950940829e-01 9.913157473703531064e-01 9.985898321565397362e-01 1.003594253659056745e+00 1.007401830861715419e+00 1.007321214406284637e+00 1.009981557435503774e+00 1.003817499227942278e+00 9.965744207707676328e-01
9.871594862305160811e-01 9.887108724872196719e-01 9.919998113514311155e-01 9.992789156678841822e-01 1.004286790504523186e+00 1.008096995150987052e+00 1.008016323065638709e+00 1.010678501882141811e+00 1.004510190125488478e+00 9.972621135341696030e-01 9.716952680236952133e-01
9.902422046402356015e-01 9.935362374686911302e-01 1.000826615785253892e+00 1.005842246903298376e+00 1.009658352859282626e+00 1.009577555827641415e+00 1.012243857871806263e+00 1.006065992529382225e+00 9.988066899942198429e-01 9.732002461201886279e-01 9.764010516044425714e-01
9.949133122098555715e-01 1.002213795236699401e+00 1.007236378188671067e+00 1.011057773396243142e+00 1.010976864377190587e+00 1.013646862005933791e+00 1.007460433933740518e+00 1.000191069760378637e+00 9.745491344913280729e-01 9.777543763999594351e-01 9.863369561902557425e-01
1.007899039336234814e+00 1.007389864565720439e+00 1.002670683765831683e+00 9.933875583765768846e-01 9.868986847767298176e-01 9.954925613912641857e-01 1.000248998881678286e+00 1.000944457104819829e+00 1.001211463386918910e+00 1.003856688414224818e+00 1.005862340254177534e+00
1.003656610521565851e+00 9.943643570288904776e-01 9.878691029152812941e-01 9.964714298944536974e-01 1.001232544393041879e+00 1.001928686460720641e+00 1.002195955290275720e+00 1.004843781369125111e+00 1.006851405367876984e+00 1.000586126758768790e+00 9.940535793201054071e-01
9.984012205708795440e-01 1.001039020868344176e+00 1.003039043159614341e+00 9.967974875261766954e-01 9.902896750552018235e-01 9.927540988072932615e-01 9.996086643690146323e-01 1.000723227874985577e+00 1.003460100484091955e+00 1.013887461284398217e+00 1.024153829578286379e+00
9.933011927115644735e-01 1.000475084270900483e+00 1.000623920195368166e+00 1.005386669778329800e+00 1.003029108734763808e+00 1.005952246291306640e+00 1.007291769611514676e+00 1.003779241794080290e+00 9.930332880475228885e-01 9.871274785646502181e-01 9.858296293032933200e-01
1.001223154499367496e+00 1.001372101710688467e+00 1.006138412472958654e+00 1.003779088645634809e+00 1.006704411875978256e+00 1.008044936777866551e+00 1.004529782590692477e+00 9.937757939333203838e-01 9.878655685881054804e-01 9.865667489053869810e-01 9.911841124563360861e-01
1.002378393594320460e+00 1.007149494084431884e+00 1.004787799341826604e+00 1.007716062267632662e+00 1.009057934280476410e+00 1.005539247669019254e+00 9.947744521882055935e-01 9.888582875804675654e-01 9.875581626969123228e-01 9.921801662967076885e-01 9.994739861709652784e-01
1.007442096314745461e+00 1.005079715440485577e+00 1.008008829100237147e+00 1.009351090960612041e+00 1.005831382082295500e+00 9.950634591579543553e-01 9.891455757557678918e-01 9.878450731532714135e-01 9.924684195612295534e-01 9.997643584734008382e-01 9.923789354372044569e-01
1.006595967139656489e+00 1.009529499626587112e+00 1.010873786407767039e+00 1.007348767737117123e+00 9.965646004480955833e-01 9.906377893950708557e-01 9.893353248693055324e-01 9.939656460044810071e-01 1.001272591486183750e+00 9.938760268857356195e-01 9.973353248693054285e-01
9.875865152420418847e-01 1.000589433460360445e+00 1.008381534730336426e+00 9.997852950424064300e-01 9.972603004100304425e-01 9.985790874154751862e-01 1.006596347442478168e+00 1.006733050973530386e+00 9.990535290820682368e-01 9.954349062012745053e-01 1.015305166508921664e+00
9.978236010181120719e-01 1.005594163337380387e+00 9.970216854020885755e-01 9.945036703677746504e-01 9.958188119780532199e-01 1.003813910669808074e+00 1.003950236324532064e+00 9.962919421915071849e-01 9.926833219194012292e-01 1.012498656791343210e+00 1.015786510817039856e+00
9.707966288311630221e-01 9.768149198062727745e-01 9.818687410738328181e-01 9.958033994085099261e-01 9.959885775923594808e-01 1.004514489807098343e+00 1.018125086320038841e+00 1.025038405183754664e+00 1.020717580893932386e+00 1.010332171083037744e+00 1.021296262718462078e+00
9.719068259181294911e-01 9.769352538089380866e-01 9.907998962071066229e-01 9.909841439466171575e-01 9.994672169532486938e-01 1.013009425807273711e+00 1.019888008082334041e+00 1.015588894160421418e+00 1.005255666769538259e+00 1.016164668346391853e+00 1.016502455868827814e+00
9.816405881583389892e-01 9.818231326459517794e-01 9.902277850964595896e-01 1.003644804936002943e+00 1.010459799140215331e+00 1.006200427762582672e+00 9.959627244156294967e-01 1.006770879286372766e+00 1.007105544180329604e+00 1.016164314378116496e+00 1.019944506475765733e+00
9.973641388094026672e-01 9.983863774210964825e-01 9.990224370017060096e-01 9.971445468113349087e-01 9.969703876404538700e-01 1.004837838881565082e+00 1.003906465924243818e+00 1.004118485784446957e+00 9.992571732755025637e-01 9.989921484502485294e-01 9.990905862424857009e-01
9.982140410142188447e-01 9.988499908014405460e-01 9.969724247629762059e-01 9.967982956545703432e-01 1.004664388856040036e+00 1.003733176667608085e+00 1.003945159930015318e+00 9.990846865562487134e-01 9.988197074782395601e-01 9.989181282786430138e-01 9.987515700010373143e-01
9.987963026049828663e-01 9.969188374857108625e-01 9.967447177367463329e-01 1.004610388135631860e+00 1.003679225999863922e+00 1.003891197868168605e+00 9.990309857448920194e-01 9.987660209095108321e-01 9.988644364197952763e-01 9.986978870946985332e-01 1.005730810868100678e+00
9.962280023542832152e-01 9.960540032651308273e-01 1.003914222988154359e+00 1.002983706120077478e+00 1.003195531098176385e+00 9.983386869574822908e-01 9.980739057348586574e-01 9.981722530461188958e-01 9.980058191347555008e-01 1.005033869300962390e+00 1.010458101775849826e+00
9.899639757337438395e-01 9.888887451655047345e-01 9.991883221875849097e-01 9.962132481341111623e-01 1.002672715983908835e+00 1.001225601158985512e+00 1.000869885783026492e+00 1.008291402035985440e+00 1.009423223686763516e+00 1.003262880130386003e+00 9.961243192901215737e-01
9.882799307751599649e-01 9.985731668102119096e-01 9.955999243762251316e-01 1.002055415421756024e+00 1.000609191520442032e+00 1.000253695142465205e+00 1.007670642301160546e+00 1.008801767140176997e+00 1.002645216230672043e+00 9.955110502817310358e-01 9.943476075901709343e-01
9.979676323037458552e-01 9.949961928431912961e-01 1.001447769280645383e+00 1.000002422369125510e+00 9.996471415640592051e-01 1.007059591087942740e+00 1.008190030013153438e+00 1.002037212434505387e+00 9.949073726419247476e-01 9.937446354617077704e-01 9.901030072097780632e-01
1.002529259466131473e+00 1.001082351685889993e+00 1.000726687203596033e+00 1.008147141629638366e+00 1.009278801346028320e+00 1.003119339175391866e+00 9.959817996784470218e-01 9.948178068273030306e-01 9.911722458837898264e-01 9.931445671037837375e-01 9.796616499113667276e-01
1.003376834655008709e+00 1.003020354988932938e+00 1.010457817112968559e+00 1.011592070595936699e+00 1.005418490924351760e+00 9.982645921710585624e-01 9.970979314457195652e-01 9.934440148684429150e-01 9.954208566530449165e-01 9.819070365845360415e-01 9.712693592764111150e-01
1.000930359967462380e+00 1.001991003736472541e+00 1.000654759618034628e+00 9.928210284736918023e-01 9.745395386283121075e-01 1.011603609863485964e+00 1.002091222045355501e+00 1.011069112216110844e+00 1.008814200266246797e+00 9.954851651848276584e-01 1.006893349345992172e+00
1.001393873633252607e+00 1.000058425840914866e+00 9.922293631583340989e-01 9.739587680494117272e-01 1.011000751189383262e+00 1.001494032217678187e+00 1.010466572072448166e+00 1.008213003922878048e+00 9.948919121943077259e-01 1.006293297721392310e+00 1.025590518320674382e+00
9.976444609862290536e-01 9.898342962816787383e-01 9.716078031705273066e-01 1.008560373489070239e+00 9.990766020621166810e-01 1.008027483786414491e+00 1.005779355353334958e+00 9.924904183933541679e-01 1.003864282984415546e+00 1.023114923492858930e+00 1.021249809533563369e+00
9.893969057416535096e-01 9.869861636752055301e-01 1.004161658190141582e+00 1.002701866281392906e+00 1.013345834713184290e+00 1.008315808879038267e+00 1.003452616405892339e+00 9.961703401982481276e-01 1.000224390870544822e+00 9.952444150446988491e-01 1.003369199725392180e+00
9.856090417467737730e-01 1.002760571639915943e+00 1.001302816549435315e+00 1.011931933666312178e+00 1.006908926125969828e+00 1.002052519167396794e+00 9.947804037731698967e-01 9.988287979101621028e-01 9.938557705443505919e-01 1.001969218876512135e+00 9.984456165720928533e-01
1.001475020735979493e+00 1.000019134504753104e+00 1.010634624967866380e+00 1.005618056982555020e+00 1.000767875995098199e+00 9.935050835387518875e-01 9.975482875866147348e-01 9.925816357006597146e-01 1.000684682496170819e+00 9.971655974915495380e-01 1.001732920582653952e+00
9.999933446917258495e-01 1.010608561388563365e+00 1.005592122777126729e+00 1.000742066872537306e+00 9.934794617186666343e-01 9.975225614950482544e-01 9.925560376956658049e-01 1.000658875519113700e+00 9.971398812693000879e-01 1.001707086572249716e+00 9.955176498775422100e-01
1.007075866654114193e+00 1.002218654527246899e+00 9.949453334521949355e-01 9.989943987929453817e-01 9.940205469237518576e-01 1.002135340425585275e+00 9.986111539253023084e-01 1.003185098106520456e+00 9.969865289429025168e-01 1.001827078249437619e+00 9.899131617118384074e-01
9.973725441723263474e-01 1.001431487377187679e+00 9.964455015884998712e-01 1.004580091468201486e+00 1.001047307567674016e+00 1.005632410076869210e+00 9.994187192447360202e-01 1.004271077273592772e+00 9.923280962387126536e-01 9.974727649921993899e-01 9.846445000484400634e-01
9.840079698422232735e-01 9.866917261372105674e-01 9.836174542203520721e-01 9.908876918615712182e-01 1.009482882537055426e+00 1.014933483557215022e+00 1.017991137788036404e+00 1.004339708708581469e+00 1.005378314085898506e+00 1.002669631261855709e+00 1.001564555140390445e+00
9.849624683780532353e-01 9.818935843735743241e-01 9.891510803301122312e-01 1.007713681416663176e+00 1.013154729813793287e+00 1.016207025256085972e+00 1.002579521419980857e+00 1.003616306556629034e+00 1.000912370920250316e+00 9.998092315348566794e-01 1.001003608012275281e+00
9.803210377083496629e-01 9.875669104592307290e-01 1.006099782706627144e+00 1.011532117020430555e+00 1.014579524074515460e+00 1.000973845297718157e+00 1.002008969976415420e+00 9.993093648143729357e-01 9.982079921562390101e-01 9.994004557860981519e-01 9.833021967829979060e-01
9.872725887955070556e-01 1.005799937745458505e+00 1.011230653076632624e+00 1.014277151920950137e+00 1.000675528004609571e+00 1.001710344188141200e+00 9.990115435814905798e-01 9.979104991622128606e-01 9.991026074056412742e-01 9.830091461193566360e-01 9.830339817077613507e-01
1.006226437596485557e+00 1.011659455770594018e+00 1.014707246453630418e+00 1.001099854898660713e+00 1.002135109886105102e+00 9.994351648788500908e-01 9.983336535722092675e-01 9.995262673177451873e-01 9.834259817530095482e-01 9.834508278727082109e-01 9.841216731045721033e-01
1.010670773838388214e+00 1.009556879387006445e+00 1.010762900447149004e+00 9.944816161352217909e-01 9.945067415739747840e-01 9.951851284203050430e-01 9.967512807692404664e-01 9.960477684841571033e-01 9.992219489132828647e-01 9.928149620312745061e-01 9.857882143266926134e-01
1.019618739937163010e+00 1.015380367542509044e+00 1.002366278031953106e+00 9.881914724299151187e-01 9.900292729080950593e-01 9.972309886575174698e-01 9.979344529553855203e-01 1.002225585172379585e+00 9.974068547319844269e-01 9.896159876330976601e-01 9.871890358054534742e-01
1.018683929385880260e+00 1.005627498255466934e+00 9.914065746188271966e-01 9.932503544203519219e-01 1.000475501106709020e+00 1.001181254140785626e+00 1.005486347648651524e+00 1.000651939365228005e+00 9.928357245128320852e-01 9.904008765452684271e-01 9.873308508470360900e-01
1.000067708771763098e+00 1.014679993704914462e+00 1.009043695947355657e+00 1.001696379227680955e+00 9.975698040837541747e-01 1.000616698813083794e+00 9.875141364935642319e-01 9.969659150383013424e-01 9.963528761588268390e-01 9.954927917607577781e-01 1.006371944412928654e+00
1.014040718540972330e+00 1.008407971799689884e+00 1.001065284083375584e+00 9.969413087906511262e-01 9.999862838959221456e-01 9.868919765363178831e-01 9.963378002112278642e-01 9.957251475624196990e-01 9.948656050402110429e-01 1.005737903539212219e+00 1.006441996881872303e+00
1.009174815652641888e+00 1.001826544189375001e+00 9.976994328195949446e-01 1.000746723476217515e+00 9.876424585504414155e-01 9.970954653020661640e-01 9.964823467615446795e-01 9.956221506002157495e-01 1.006502716938726838e+00 1.007207345709177027e+00 1.004306471420440161e+00
9.849930063302801964e-01 9.878887541439904663e-01 9.790435608221115249e-01 9.806230596295898438e-01 9.903457522889568265e-01 9.903282023022070835e-01 1.001674268735927020e+00 1.014582283990375533e+00 1.025068401073357283e+00 1.045452710683203446e+00 1.043153662418984773e+00
1.011987818905210057e+00 1.018508915832280426e+00 1.023380096669369355e+00 1.025124293678778775e+00 1.006880935769552288e+00 1.002190460028032915e+00 1.001656201484610431e+00 9.877969063287639351e-01 9.646038001495924608e-01 9.578705711538100243e-01 9.647216512988769921e-01
1.023345879618811960e+00 1.028240194004307106e+00 1.029992674316532852e+00 1.011662677537307431e+00 1.006949926427403108e+00 1.006413130656090837e+00 9.924880168238111589e-01 9.691847651044858125e-01 9.624195595748579191e-01 9.693031759363930355e-01 9.670612641856177749e-01
9.991023540577996798e-01 1.009540290684494357e+00 1.001319481408099898e+00 1.000314715829873968e+00 1.003005162502148551e+00 1.009374213729415493e+00 1.004665932052935196e+00 9.965281612540800582e-01 9.872859787039519608e-01 9.888637097771991735e-01 9.928080374603177605e-01
9.902906347436953860e-01 9.917769269293525980e-01 9.957349876411574208e-01 1.000937010290957829e+00 9.985056301394207301e-01 9.997495920774164269e-01 9.985217854892648459e-01 1.000767379117594835e+00 1.008667345191360143e+00 1.015048708379779896e+00 1.010880628120002012e+00
9.897390548709459335e-01 9.936889826839999662e-01 9.988803163811565966e-01 9.964539321531378224e-01 9.976953380372404201e-01 9.964700543074768158e-01 9.987110337605971111e-01 1.006594767232366072e+00 1.012963018196269216e+00 1.008803502376808492e+00 1.008569731138893033e+00
9.918213160721396360e-01 9.970028925104494899e-01 9.945810687403698891e-01 9.958201413669222068e-01 9.945971605926627879e-01 9.968339280613741638e-01 1.004702843832596226e+00 1.011059125488286803e+00 1.006907427596722027e+00 1.006674095738474994e+00 1.005676400896315936e+00
9.956234477782590631e-01 9.932049748229735409e-01 9.944423330791660742e-01 9.932210444107162362e-01 9.954547171069599854e-01 1.003312745513170290e+00 1.009660232671560909e+00 1.005514279033928648e+00 1.005281270011658457e+00 1.004284955571607352e+00 9.924979129622919505e-01
1.000905033024245050e+00 1.000834080957884398e+00 1.000361067182146568e+00 9.985714983972717729e-01 1.000100909605490695e+00 9.923592508092476949e-01 9.917127986490726910e-01 9.939674976467564038e-01 1.007006910731263361e+00 1.014180952996621254e+00 1.016246446484009747e+00
9.993010119583628503e-01 9.988287227410406199e-01 9.970418952021712355e-01 9.985689636715132655e-01 9.908391634813381588e-01 9.901937015509977291e-01 9.924449468202339864e-01 1.005464386244419028e+00 1.012627439373807503e+00 1.014689768956114735e+00 1.009006555374336367e+00
9.978602451478050250e-01 9.960751501406450714e-01 9.976007379441208522e-01 9.898784326708559567e-01 9.892335965889743621e-01 9.914826590209028234e-01 1.004489474623734058e+00 1.011645582361688556e+00 1.013705912281846810e+00 1.008028209219425708e+00 9.998419365213924159e-01
9.868882174279142161e-01 9.862453292606629951e-01 9.884875977464417929e-01 1.001455122485876092e+00 1.008589613122445217e+00 1.010643719217809045e+00 1.004983167306157554e+00 9.968216236219066273e-01 1.006096461449446311e+00 1.009789148361340816e+00 1.007029433301920740e+00
9.960716891736554057e-01 9.984123493564434071e-01 1.004734630775433457e+00 1.000703031029990475e+00 9.942058248286570477e-01 1.000636393017669157e+00 9.979875320278946971e-01 1.002802128418113670e+00 1.005434329904807633e+00 9.990120914673358277e-01 9.984373386110640958e-01
9.981762158560960607e-01 1.004497001998667871e+00 1.000466355762824833e+00 9.939706862091940431e-01 1.000399733510992872e+00 9.977514990006663975e-01 1.002564956695536580e+00 1.005196535642904898e+00 9.987758161225851472e-01 9.982011992005332957e-01 1.000041638907395170e+00
