9.976614936070702377e-01 9.965985361557384570e-01 9.955355787044067872e-01 9.949281744465029442e-01 9.970540893491663947e-01 1.007835514926959775e+00 1.006013302153248246e+00 9.985725999939260022e-01 9.976614936070702377e-01 1.008139217055911585e+00 1.003431834057156635e+00
1.005347107563203446e+00 1.003529393943984216e+00 9.961070633321721379e-01 9.951982065225624119e-01 1.005650059833073318e+00 1.000954299650090196e+00 9.997424905706107090e-01 9.994395383007407263e-01 9.932290167684082460e-01 1.000802823515155371e+00 9.973188724116516246e-01
1.004335698259656739e+00 9.969074040385665914e-01 9.959978169910860268e-01 1.006458068037111131e+00 1.001758534958462121e+00 1.000545752228488183e+00 1.000242556545994699e+00 9.940270450548784886e-01 1.001606937117215601e+00 9.981201867685404183e-01 9.982717846097871606e-01
9.975122868757964056e-01 9.966021479279170148e-01 1.007068745828529677e+00 1.002366361264486194e+00 1.001152842667313969e+00 1.000849463018020691e+00 9.946301802075117049e-01 1.002214671439839888e+00 9.987258054729688528e-01 9.988774952976153809e-01 9.956920089800376239e-01
9.967835902415342897e-01 1.007252093700691908e+00 1.002548853016142827e+00 1.001335113484646433e+00 1.001031678601772112e+00 9.948112635028525386e-01 1.002397135574705889e+00 9.989076344216532011e-01 9.990593518630903613e-01 9.958732855929118832e-01 9.964801553586600802e-01
1.007282658170232104e+00 1.002579274768623740e+00 1.001365498406918464e+00 1.001062054316492089e+00 9.948414504627522970e-01 1.002427552723410775e+00 9.989379456835077997e-01 9.990896677287209870e-01 9.959035047792443862e-01 9.965103929600970245e-01 9.995448338643604380e-01
1.003355653745122034e+00 1.002140937457295156e+00 1.001837258385338325e+00 9.956118374102248536e-01 1.003203814209143729e+00 9.997115048816409555e-01 9.998633444176193708e-01 9.966747141620734274e-01 9.972820723059868664e-01 1.000318863025554394e+00 9.983449490578356622e-01
9.970662592777861377e-01 9.977422364027201951e-01 9.966606730028256811e-01 9.780037043546446762e-01 9.807076128543810167e-01 9.943623507780496862e-01 1.005853961901929328e+00 1.018697527275677084e+00 1.013560101126178115e+00 1.017345573025808969e+00 1.018427136425703372e+00
9.956155143338955016e-01 9.945362563237775122e-01 9.759190556492410851e-01 9.786172006745362806e-01 9.922428330522765627e-01 1.003709949409780755e+00 1.016526138279932656e+00 1.011399662731871985e+00 1.015177065767284947e+00 1.016256323777402937e+00 1.014502529510961315e+00
9.926614152023160997e-01 9.740793105769878224e-01 9.767723692183397644e-01 9.903723153571669657e-01 1.001817814582912636e+00 1.014609843129334221e+00 1.009493031710765543e+00 1.013263313808658195e+00 1.014340537265199016e+00 1.012590049148320182e+00 1.004510873224264467e+00
9.729264454695842890e-01 9.756163167592430963e-01 9.892001667720199398e-01 1.000632119753069871e+00 1.013409008378949094e+00 1.008298252928597538e+00 1.012064072734119691e+00 1.013140021249983258e+00 1.011391604911705100e+00 1.003321991042728678e+00 1.008701733622046293e+00
9.721384633940417519e-01 9.856738900280089810e-01 9.970650906605557084e-01 1.009796432543990319e+00 1.004703895790616475e+00 1.008456291293102325e+00 1.009528404293812631e+00 1.007786220667658439e+00 9.997453731623313633e-01 1.005105938165882673e+00 1.001889599163751976e+00
9.827500968720352947e-01 9.941075079167834838e-01 1.006801084966796100e+00 1.001723654146791098e+00 1.005464918961531673e+00 1.006533851765743171e+00 1.004796835958899459e+00 9.967798399273124499e-01 1.002124503948370382e+00 9.989177055357356672e-01 1.005064069159952389e+00
9.918941979522183372e-01 1.004559513651877012e+00 9.994933873720136530e-01 1.003226322525597292e+00 1.004292875426620935e+00 1.002559726962457320e+00 9.945605802047781108e-01 9.998933447098975469e-01 9.966936860068259518e-01 1.002826365187713398e+00 1.002026450511945388e+00
1.003542698843961301e+00 9.984817004954451569e-01 1.002210857173299274e+00 1.003276330509828895e+00 1.001544936337968039e+00 9.935538863139949939e-01 9.988812529966437648e-01 9.956848329870544578e-01 1.001811304672100666e+00 1.001012199669703229e+00 1.007138671354749437e+00
9.960953063989163025e-01 9.929078014184398171e-01 9.990171859643531826e-01 9.982203097192340335e-01 1.004329694265147399e+00 1.004064068850107683e+00 1.001275001992190772e+00 1.001142189284670803e+00 1.002071878237309921e+00 1.000876563869631086e+00 9.828140356469308170e-01
9.942282628933158950e-01 1.000345772269064071e+00 9.995478362635316083e-01 1.005665345639279673e+00 1.005399366970768815e+00 1.002606590951405696e+00 1.002473601617150267e+00 1.003404526956938048e+00 1.002207622948639409e+00 9.841210734899060730e-01 9.846530308269275666e-01
1.007650681097219669e+00 1.004851651427505210e+00 1.004718364300375866e+00 1.005651374190280611e+00 1.004451790046117399e+00 9.863247407565377545e-01 9.868578892650547996e-01 9.996534534694638818e-01 9.961879881641031442e-01 1.003652067283341776e+00 1.001786047503532062e+00
1.005441305913419070e+00 1.005307940572403913e+00 1.006241497959510234e+00 1.005041209890373599e+00 9.869035235123095884e-01 9.874369848763702162e-01 1.000240057613827283e+00 9.967725587474326465e-01 1.004241017844282657e+00 1.002373903070070016e+00 1.006108132618495077e+00
1.005240908424126722e+00 1.006174403563284248e+00 1.004974195527224667e+00 9.868377185378799377e-01 9.873711443316841585e-01 1.000173363382986347e+00 9.967060957232586338e-01 1.004174056836518281e+00 1.002307066558203452e+00 1.006041047114833109e+00 1.022843959619667453e+00
1.004406341937459368e+00 1.003208242921231674e+00 9.851036355649037679e-01 9.856361240165604221e-01 9.984158468563213429e-01 9.949546719205527578e-01 1.002409510243746693e+00 1.000545800662948182e+00 1.004273219824545205e+00 1.021046606051731365e+00 1.016387332099735197e+00
9.931628193855722708e-01 9.909318775344155839e-01 9.976247030878860889e-01 1.002742746158187037e+00 1.005236151756538687e+00 1.009698035458852283e+00 9.997244130654452388e-01 1.000905499927822628e+00 9.989370218238606824e-01 1.001036731801419943e+00 9.888321675568562119e-01
9.943519037867029065e-01 9.955258729765338321e-01 1.003874098326441811e+00 1.005700272621734337e+00 1.007526446917026641e+00 1.002178365052241782e+00 9.995695446303954901e-01 9.980042523772878482e-01 9.957867550187183836e-01 9.974824882929185232e-01 1.000873954841318580e+00
9.948770091118845915e-01 1.003219793255380576e+00 1.005044777286770108e+00 1.006869761318159862e+00 1.001525165226232694e+00 9.989180451813902684e-01 9.973537731544849239e-01 9.951377211163687786e-01 9.968323491455164387e-01 1.000221605203811537e+00 9.951377211163687786e-01
9.926404131697867950e-01 9.988379599741767922e-01 9.970303421562297652e-01 9.996126533247254864e-01 1.004002582311168457e+00 1.002711426726920374e+00 1.001678502259522041e+00 1.002711426726920374e+00 1.000387346675274181e+00 1.000387346675274181e+00 1.000903808908973458e+00
9.980132621203910981e-01 9.962071367752921569e-01 9.987873158397192475e-01 1.003173620249245168e+00 1.001883530717031734e+00 1.000851459091260720e+00 1.001883530717031734e+00 9.995613695590471748e-01 9.995613695590471748e-01 1.000077405371932793e+00 9.969811904946200842e-01
9.988002012565634358e-01 1.003186562254073655e+00 1.001896456078335218e+00 1.000864371137744513e+00 1.001896456078335218e+00 9.995742649620062981e-01 9.995742649620062981e-01 1.000090307432301762e+00 9.969940526105297574e-01 9.971230632281036232e-01 9.964780101402345158e-01
1.003419575456480972e+00 1.002129169623846572e+00 1.001096844957739096e+00 1.002129169623846572e+00 9.998064391251046956e-01 9.998064391251046956e-01 1.000322601458158545e+00 9.972256274598360060e-01 9.973546680430994682e-01 9.967094651267822680e-01 9.986450738757338685e-01
1.002607864907433921e+00 1.001575047122311490e+00 1.002607864907433921e+00 1.000284024890908618e+00 1.000284024890908618e+00 1.000800433783469945e+00 9.977019804281029858e-01 9.978310826512433174e-01 9.971855715355418814e-01 9.991221048826461892e-01 1.000413127114049061e+00
1.001794914838393113e+00 1.002827959349698483e+00 1.000503609199261401e+00 1.000503609199261401e+00 1.001020131454914086e+00 9.979209979209978654e-01 9.980501284849111476e-01 9.974044756653452914e-01 9.993414341240428600e-01 1.000632739763174461e+00 9.984375201766506613e-01
9.982199979362295084e-01 9.995098545041791738e-01 9.973170983386648869e-01 9.991228975337943519e-01 1.001444639356103616e+00 1.004024352492002947e+00 1.002734495924053171e+00 1.000670725415333751e+00 9.998968114745641067e-01 9.970591270250748206e-01 9.974460839954596425e-01
9.995872139521683186e-01 9.973942880730631844e-01 9.992002270323262492e-01 1.001522148551378999e+00 1.004102061350326203e+00 1.002812104950852490e+00 1.000748174711694638e+00 9.999742008720104991e-01 9.971362967931683974e-01 9.975232837130103558e-01 9.964913185934315409e-01
9.927926388058000429e-01 1.001623792838219007e+00 1.006466683759222880e+00 1.002335982679543047e+00 1.006466683759222880e+00 1.002763296584337382e+00 9.899438794405035491e-01 9.947867703615074220e-01 1.002193544711278195e+00 1.000626727060365040e+00 1.004472552203515390e+00
1.000455269747325460e+00 1.005292510812656470e+00 1.001166628727521157e+00 1.005292510812656470e+00 1.001593444115638443e+00 9.887889824721147747e-01 9.936262235374458962e-01 1.001024356931481840e+00 9.994593671750512387e-01 1.003300705668108472e+00 9.951912132938766087e-01
1.005821981181762581e+00 1.001693926065109430e+00 1.005821981181762581e+00 1.002120966249590683e+00 9.893097607151499773e-01 9.941495494726053650e-01 1.001551579336948938e+00 9.999857653271839730e-01 1.003829126987516362e+00 9.957153634823703303e-01 9.895944541714709608e-01
1.003322069663658223e+00 1.007456834481087027e+00 1.003749803955116482e+00 9.909177752113720317e-01 9.957654305145643425e-01 1.003179491566505543e+00 1.001611132497825629e+00 1.005460741120949075e+00 9.973337895832442568e-01 9.912029314056775009e-01 9.983318362633133436e-01
1.007959829962055354e+00 1.004250948617728456e+00 9.914125131950586312e-01 9.962625887991782836e-01 1.003680351487832079e+00 1.002111209380616819e+00 1.005962740007417811e+00 9.978317309063935436e-01 9.916978117600069309e-01 9.988302758837124262e-01 9.962625887991782836e-01
1.005427020851185516e+00 9.925735504141675047e-01 9.974293059125964866e-01 1.004855755498429204e+00 1.003284775778349180e+00 1.007140816909454673e+00 9.990002856326765102e-01 9.928591830905457716e-01 1.000000000000000222e+00 9.974293059125964866e-01 9.982862039417310651e-01
1.014627485728396339e+00 1.009688711996862276e+00 1.008671905640369904e+00 9.987943581773018886e-01 9.915314556309282601e-01 9.960344552096799253e-01 9.955986810568974166e-01 9.947271327513326211e-01 9.945818747004052662e-01 9.957439391078249935e-01 9.987943581773018886e-01
1.011139424827083966e+00 1.001237713869675972e+00 9.939570440480524072e-01 9.984710593374591658e-01 9.980342191481615943e-01 9.971605387695667844e-01 9.970149253731344086e-01 9.981798325445940812e-01 1.001237713869675972e+00 1.003567528212595539e+00 1.006188569348380080e+00
1.001733657726431748e+00 9.944493815649539936e-01 9.989656327850702233e-01 9.985285762153814915e-01 9.976544630760041388e-01 9.975087775527746725e-01 9.986742617386110688e-01 1.001733657726431748e+00 1.004064626098104762e+00 1.006686965516236709e+00 1.003481884005186453e+00
9.891975308641974829e-01 9.824074074074073959e-01 9.929012345679012475e-01 1.008950617283950635e+00 1.012962962962962843e+00 1.008641975308641969e+00 1.008950617283950635e+00 9.993827160493827799e-01 1.005555555555555536e+00 9.910493827160494762e-01 9.969135802469135665e-01
9.816499614494988979e-01 9.921356977640708452e-01 1.008172706245181072e+00 1.012181958365458767e+00 1.007864302235929044e+00 1.008172706245181072e+00 9.986121819583655412e-01 1.004780262143407876e+00 9.902852737085582335e-01 9.961449498843485406e-01 9.905936777178102615e-01
9.912491526468232284e-01 1.007271830899118870e+00 1.011277500462192780e+00 1.006963702471190159e+00 1.007271830899118870e+00 9.977198496333272715e-01 1.003882418191902604e+00 9.894003820792508508e-01 9.952548222098972497e-01 9.897085105071794509e-01 9.967954643495410272e-01
1.006713476225671311e+00 1.010716925351071716e+00 1.006405518600640647e+00 1.006713476225671311e+00 9.971667898497168503e-01 1.003325942350332678e+00 9.888519339738853775e-01 9.947031288494704304e-01 9.891598915989160412e-01 9.962429169746244151e-01 1.004557772850455777e+00
1.010934852918527582e+00 1.006622516556291425e+00 1.006930540582165357e+00 9.973817957800709122e-01 1.003542276297551217e+00 9.890651470814725288e-01 9.949176035730787904e-01 9.893731711073464608e-01 9.964577237024488943e-01 1.004774372401047389e+00 9.993839519482520251e-01
1.007786600878883831e+00 1.008094981111710808e+00 9.985351938940715266e-01 1.004702798550612952e+00 9.902089276077404856e-01 9.960681520314548232e-01 9.905173078405674625e-01 9.976100531955902628e-01 1.005936319481921304e+00 1.000539665407447432e+00 1.004240228201372265e+00
1.015030617925403389e+00 1.013484258056534859e+00 1.010391538318797355e+00 1.006989546607286456e+00 1.005133914764643865e+00 1.000185563184263993e+00 9.972474794334136305e-01 9.964742994989792546e-01 1.000185563184263993e+00 9.548772190264117610e-01 9.636914702789632914e-01
1.012103784940484141e+00 9.866925237394678083e-01 1.000066871740002750e+00 9.977263608399090655e-01 9.960545673398422117e-01 1.001404306540056188e+00 1.003744817440149761e+00 1.002407382640096323e+00 9.980607195399224807e-01 1.001738665240069714e+00 9.963889260398556269e-01
9.882455376578145323e-01 1.001640936338367815e+00 9.992967415692708411e-01 9.976223167342016529e-01 1.002980476206422944e+00 1.005324670975519918e+00 1.003985131107464568e+00 9.996316265362847897e-01 1.003315361173436893e+00 9.979572017012156016e-01 9.971199892836810630e-01
1.000752823086574761e+00 9.984107068172312083e-01 9.967377666248430357e-01 1.002091175240485077e+00 1.004433291509828408e+00 1.003094939355918092e+00 9.987452948557089538e-01 1.002425763278962823e+00 9.970723546633207812e-01 9.962358845671267504e-01 9.947302383939774506e-01
9.990123704782467584e-01 9.973384221362926461e-01 1.002695056830545939e+00 1.005038584509281741e+00 1.003699425835718584e+00 9.993471601466377141e-01 1.003029846498936895e+00 9.976732118046834907e-01 9.968362376337064346e-01 9.953296841259478001e-01 1.000016739483419403e+00
9.972382626161183650e-01 1.002594359360615917e+00 1.004937651686333533e+00 1.003598627500209117e+00 9.992467988953049884e-01 1.002929115407147131e+00 9.975730186626494689e-01 9.967361285463217646e-01 9.952297263369319635e-01 9.999163109883670852e-01 9.942254581973386518e-01
1.002896512465049295e+00 1.005240510991678882e+00 1.003901083262176197e+00 9.995479431412929161e-01 1.003231369397425077e+00 9.978736584794146713e-01 9.970365161484755490e-01 9.955296599527851953e-01 1.000217657006044147e+00 9.945250891556582928e-01 9.818005257253837881e-01
1.007365648227378729e+00 1.006023388869314417e+00 1.001661045955604790e+00 1.005352259190282149e+00 9.999832217580242322e-01 9.991443096592339534e-01 9.976342678814114073e-01 1.002332175634637057e+00 9.966275733628630062e-01 9.838761094612505920e-01 9.771648126709283622e-01
1.009070867201831145e+00 1.004695309738981246e+00 1.008397704515239024e+00 1.003012403022500498e+00 1.002170949664260347e+00 1.000656333619427629e+00 1.005368472425573589e+00 9.996465895895392251e-01 9.868564985442858095e-01 9.801248716783629300e-01 9.821443597381398494e-01
1.007407907392720237e+00 1.011120298341236179e+00 1.005720456961576748e+00 1.004876731746005003e+00 1.003358026357975774e+00 1.008082887565177721e+00 1.002345556099289547e+00 9.895209328225982315e-01 9.827711310980239423e-01 9.847960716153962846e-01 9.935708138573428050e-01
1.012521333581168914e+00 1.007114010037344132e+00 1.006269115733621655e+00 1.004748305986920887e+00 1.009479714087767377e+00 1.003734432822453781e+00 9.908920394058701175e-01 9.841328849760893061e-01 9.861606313050236272e-01 9.949475320637386488e-01 1.010155629530745447e+00
1.007352319783656025e+00 1.006507225555649532e+00 1.004986055945237933e+00 1.009718583622073895e+00 1.003971942871630274e+00 9.911265106059325980e-01 9.843657567818812071e-01 9.863939829290966355e-01 9.951829629003633437e-01 1.010394659004479001e+00 1.012422885151694540e+00
9.952069716775598929e-01 1.003921568627450966e+00 1.000087145969498881e+00 1.000435729847494626e+00 1.002178649237472685e+00 1.002178649237472685e+00 9.990413943355120896e-01 9.978213507625272038e-01 9.993899782135076126e-01 9.997385620915033577e-01 1.002875816993463953e+00
9.905602334452509039e-01 9.931970397454601418e-01 1.004798987466380522e+00 1.006908432506547824e+00 1.005853709986464173e+00 1.003041116599574512e+00 1.009369451720076416e+00 1.016400935187300902e+00 9.931970397454601418e-01 9.766730535974825766e-01 9.773762019442049365e-01
9.977150232858312817e-01 9.975405975824596094e-01 9.971917461757163759e-01 9.952730634386282027e-01 9.869006296767890429e-01 9.898658666341071388e-01 9.966684690656013590e-01 1.020215939020773899e+00 1.007831714081386831e+00 1.010796951038704927e+00 1.003471071497095579e+00
9.969667387211489373e-01 9.966180879994420705e-01 9.947005090300535812e-01 9.863328917090855574e-01 9.892964228435950913e-01 9.960951119168814927e-01 1.019629035632103609e+00 1.007251935011505228e+00 1.010215466146014762e+00 1.002893800990167783e+00 9.988843176905374266e-01
9.964270152505445566e-01 9.945098039215685137e-01 9.861437908496729632e-01 9.891067538126360192e-01 9.959041394335509390e-01 1.019433551198256849e+00 1.007058823529411562e+00 1.010021786492374618e+00 1.002701525054465970e+00 9.986928104575161225e-01 9.896296296296293038e-01
9.951862704060276954e-01 9.868145667643364316e-01 9.897795451374354903e-01 9.965815543463094617e-01 1.020126970838565628e+00 1.007743825868564258e+00 1.010708804241663206e+00 1.003383563555183322e+00 9.993721222268731053e-01 9.903027766150410693e-01 9.880354402120831159e-01
9.875207260668468212e-01 9.904878261628413672e-01 9.972947028536520708e-01 1.020856968321842917e+00 1.008464962038572166e+00 1.011432062134566712e+00 1.004101579544462775e+00 1.000087267649882206e+00 9.910114320621343786e-01 9.887424731651975884e-01 9.889170084649619996e-01
9.971728735471711014e-01 1.020732260654078294e+00 1.008341768175630815e+00 1.011308505811315595e+00 1.003978918711388779e+00 9.999650972042860575e-01 9.908903703186624501e-01 9.886216885972566315e-01 9.887962025758263440e-01 9.901923144043838221e-01 9.851314090258630474e-01
1.021962853598448628e+00 1.009557423164957335e+00 1.012527737494103075e+00 1.005189313857389966e+00 1.001170653294428226e+00 9.920849859346880795e-01 9.898135690947531540e-01 9.899882934670558576e-01 9.913860884454773759e-01 9.863190816486993029e-01 9.798542798734996007e-01
1.009289846872661434e+00 1.010202405504553536e+00 1.004909565439579433e+00 1.000529284006497432e+00 9.985216550163347193e-01 9.954189556679015061e-01 9.972440729316857100e-01 9.957839791206584135e-01 9.948714204887663115e-01 9.932288149513605058e-01 9.935938384041173022e-01
1.009262334403483452e+00 1.005572161334366443e+00 9.974537805823092684e-01 1.000405919037602898e+00 9.924720469390013733e-01 9.945016421270157503e-01 9.987453411565001549e-01 9.963467286615741436e-01 9.963467286615741436e-01 1.008893317096571707e+00 1.011107420938041956e+00
1.005386658795749621e+00 9.972697756788665435e-01 1.000221369539551430e+00 9.922889610389609150e-01 9.943181818181817677e-01 9.985610979929160358e-01 9.961629279811097248e-01 9.961629279811097248e-01 1.008707201889019967e+00 1.010920897284533604e+00 1.009814049586776674e+00
9.985818737683481716e-01 9.906624675396429325e-01 9.926883621562885285e-01 9.969243236274563102e-01 9.945300845350570906e-01 9.945300845350570906e-01 1.007053796710683624e+00 1.009263863565206032e+00 1.008158830137944939e+00 1.007606313424314504e+00 1.010000552516713501e+00
9.895325521072868558e-01 9.915561360584265183e-01 9.957872661380821055e-01 9.933957578321898074e-01 9.933957578321898074e-01 1.005905185893780196e+00 1.008112732022296454e+00 1.007008958958038436e+00 1.006457072425909427e+00 1.008848580731801725e+00 1.012895748634081050e+00
9.892449436552508413e-01 9.934662115038724872e-01 9.910802775024776246e-01 9.910802775024776246e-01 1.003560547663619795e+00 1.005762948280292113e+00 1.004661747971955954e+00 1.004111147817787986e+00 1.006497081819182737e+00 1.010534816283081838e+00 9.995228131997210275e-01
9.895184343619437550e-01 9.895184343619437550e-01 1.001979036868723805e+00 1.004177966722861415e+00 1.003078501795792610e+00 1.002528769332258207e+00 1.004910943340907359e+00 1.008942314740159718e+00 9.979476654694715565e-01 9.973979330059369319e-01 9.843875980356227018e-01
9.900264007040189274e-01 1.002493399823995324e+00 1.004693458492226465e+00 1.003593429158111006e+00 1.003043414491053165e+00 1.005426811381636920e+00 1.009460252273394198e+00 9.984599589322383784e-01 9.979099442651804264e-01 9.848929304781463001e-01 9.841595775887357345e-01
1.008500976820317696e+00 1.011317035394336150e+00 1.003572874315785679e+00 1.000756815741767447e+00 1.011317035394336150e+00 1.000404808420015002e+00 9.972367425242444350e-01 9.937166693067215339e-01 9.910766143935793027e-01 9.821004276888958273e-01 9.805163947410104885e-01
1.004304671101782231e+00 1.001636486534561721e+00 9.925646590060122065e-01 9.909637482656800112e-01 9.932761748906042687e-01 9.918531431214201444e-01 1.001814365505709903e+00 1.002525881390301965e+00 1.003593155217190169e+00 1.017467714966736603e+00 1.029563485004802548e+00
9.991128459900636694e-01 9.900638750887151840e-01 9.884669978708301441e-01 9.907735982966640043e-01 9.893541518807662527e-01 9.992902767920509577e-01 9.999999999999997780e-01 1.001064584811923286e+00 1.014904187366926669e+00 1.026969481902057835e+00 1.055713271823988331e+00
1.002980533391288009e+00 9.994101027663073733e-01 1.000496755565214668e+00 1.011828991896674745e+00 9.997205749945666797e-01 9.925797137446054075e-01 9.925797137446054075e-01 1.004377658418454278e+00 9.938216026576423001e-01 1.002204352820640132e+00 9.978577416250115073e-01
9.999223421604408468e-01 1.001009551914265439e+00 1.012347596489865387e+00 1.000232973518676571e+00 9.930884522792573499e-01 9.930884522792573499e-01 1.004892443892210663e+00 9.943309777121999149e-01 1.002718024384561479e+00 9.983691853692627793e-01 1.000232973518676571e+00
1.000978458384456538e+00 1.012316150775777635e+00 1.000201904111078344e+00 9.930576047959991381e-01 9.930576047959991381e-01 1.004861229751347285e+00 9.943000916334042705e-01 1.002686877785888386e+00 9.983381738549707007e-01 1.000201904111078344e+00 1.000667836675105171e+00
9.674030209171908812e-01 9.987856294941942492e-01 1.003561243842868711e+00 1.013112472540217412e+00 1.004243474464107777e+00 1.005335043458090549e+00 1.011884457421986960e+00 9.953744763879982527e-01 9.941464612697676895e-01 1.006153720203577517e+00 9.949651380152547686e-01
1.000802819392850873e+00 1.010327795240233639e+00 1.001483174810521071e+00 1.002571743478793298e+00 1.009103155488427328e+00 9.926385543808086132e-01 9.914139146290023019e-01 1.003388169979997580e+00 9.922303411302064724e-01 9.960403314691594900e-01 9.933189097984788107e-01
1.011084481725584183e+00 1.002233237104417363e+00 1.003322621057791686e+00 1.009858924778038070e+00 9.933819924832506532e-01 9.921564355357045395e-01 1.004139659022822650e+00 9.929734735007353930e-01 9.967863173375456354e-01 9.940628574541097162e-01 9.828966719320223477e-01
1.005066298870666008e+00 1.006158762239003579e+00 1.012713542449029891e+00 9.961900340029223866e-01 9.949610127135425364e-01 1.006978109765257035e+00 9.957803602397957698e-01 9.996039820289776001e-01 9.968728236081334515e-01 9.856750740826721868e-01 1.004929740949623840e+00
1.006172502321516227e+00 1.012727372043480623e+00 9.962036379526957308e-01 9.949745998798275037e-01 1.006991861036761859e+00 9.957939585950730255e-01 9.996176325995521639e-01 9.968864368820670174e-01 9.856885344403779614e-01 1.004943464248648111e+00 9.927896433058392978e-01
1.014084507042253724e+00 9.975386298372761473e-01 9.963079447559142210e-01 1.008341309995897772e+00 9.971284014768222459e-01 1.000957199507725992e+00 9.982223437713660941e-01 9.870094352522904568e-01 1.006290168193627821e+00 9.941200601668263026e-01 9.875564063995625474e-01
1.008277676061785977e+00 9.895819902524561895e-01 9.946104850563448618e-01 9.920317697722993433e-01 9.876479537894220506e-01 1.002862373965290432e+00 9.915160267154903284e-01 9.991232368034244082e-01 1.018334665669563321e+00 1.016013821913922532e+00 1.018592537197967829e+00
9.885623019655322974e-01 9.935856152914809281e-01 9.910095571756099009e-01 9.866302583786290548e-01 1.001829001262268370e+00 9.904943455524356510e-01 9.980937169942554199e-01 1.017285349957494978e+00 1.014966897653211131e+00 1.017542955769082047e+00 1.016254926711146700e+00
9.908417145132493165e-01 9.882727704776951283e-01 9.839055656172530639e-01 9.990623354270227185e-01 9.877589816705842907e-01 9.953373665754691180e-01 1.014475999640347847e+00 1.012163950008349023e+00 1.014732894043903322e+00 1.013448422026126172e+00 1.032073266283894064e+00
9.754730917148460856e-01 9.904999617960930092e-01 9.792934824134681415e-01 9.868069174540916588e-01 1.005781524590581455e+00 1.003489290171408310e+00 1.006036217303822866e+00 1.004762753737615588e+00 1.023227975447622562e+00 1.024628785370450545e+00 1.020044316532104034e+00
9.793241159669388018e-01 9.981548416449712580e-01 9.958799888784976018e-01 9.984076030634684296e-01 9.971437959709830157e-01 1.015468998812021351e+00 1.016859186613755295e+00 1.012309481080807760e+00 9.905719990900588856e-01 9.958799888784976018e-01 1.000429694411445025e+00
9.947742869734936821e-01 9.935150790152994515e-01 1.011773594409116628e+00 1.013158723163130492e+00 1.008625574513630996e+00 9.869671976326890306e-01 9.922558710571051099e-01 9.967890197066046065e-01 1.001196247560284691e+00 1.000944405968645645e+00 9.865894352452307947e-01
9.943289224952740479e-01 1.012602394454946486e+00 1.013988657844990593e+00 1.009451795841209920e+00 9.877756773787018663e-01 9.930686830497794659e-01 9.976055450535602498e-01 1.002016383112791509e+00 1.001764335223692459e+00 9.873976055450535139e-01 1.011720226843100034e+00
1.021270601493167840e+00 1.003192937972484211e+00 1.003192937972484211e+00 9.942714936376013668e-01 9.936845565103065159e-01 9.960323050194861416e-01 9.923932948302576218e-01 9.989669906559608403e-01 1.001314739165140466e+00 9.956801427431092311e-01 9.853500493027185225e-01
1.006809453123159281e+00 1.006809453123159281e+00 9.978558469404584796e-01 9.972667939021229166e-01 9.996230060554651686e-01 9.959708772177846559e-01 1.002568271247143095e+00 1.004924483400485347e+00 9.992695742324638752e-01 9.889022407577577889e-01 9.924365589877711669e-01
9.981577893472166618e-01 1.005206247496996497e+00 9.973568281938326452e-01 1.000240288346015083e+00 9.858229875851021173e-01 1.014337204645574753e+00 1.006327593111734142e+00 1.002162595114137078e+00 9.938325991189427278e-01 9.965558670404486286e-01 9.903083700440529213e-01
1.005995895857381139e+00 9.981403103757856554e-01 1.001026035654738910e+00 9.865974092599717471e-01 1.015134025907400428e+00 1.007118122354751844e+00 1.002949852507374784e+00 9.946133128126202205e-01 9.973387200205208192e-01 9.910863152494550077e-01 9.963768115942028825e-01
9.991013543873163982e-01 1.001989858142371181e+00 9.875473393670967104e-01 1.016111432055972985e+00 1.008087810514153748e+00 1.003915527312407852e+00 9.955709609089158363e-01 9.982989922331344523e-01 9.920405674305156074e-01 9.973361576481161173e-01 9.984594646639708415e-01
1.002054178970342768e+00 9.876107330851200405e-01 1.016176659391449633e+00 1.008152522788547945e+00 1.003979971755039280e+00 9.956348696880215066e-01 9.983630761330081205e-01 9.921042495827450125e-01 9.974001797406598646e-01 9.985235588650661631e-01 1.005424316343561442e+00
9.872780068342610349e-01 1.015834309274381120e+00 1.007812876004684499e+00 1.003641730704442292e+00 9.952994401039576555e-01 9.980267274156545687e-01 9.917700094652912579e-01 9.970641554232909654e-01 9.981871560810485766e-01 1.005085588692987697e+00 1.010219305985593508e+00
1.005900578849186822e+00 1.001737348182189180e+00 9.934108868481940080e-01 9.961329992073848505e-01 9.898881532068884992e-01 9.951722536688468734e-01 9.962931234638078282e-01 1.003178466489996090e+00 1.008302442695531598e+00 1.009983747387972919e+00 1.021112383209370478e+00
9.820441880696914039e-01 9.870602158459452768e-01 9.887060999600284505e-01 9.996002852865797372e-01 1.004459562194825573e+00 1.002421800910722416e+00 9.970922713984528007e-01 1.015432122955380656e+00 1.011513351255182380e+00 1.011670102123190418e+00 1.008221583027016033e+00
9.844830955638071979e-01 9.861246824311121761e-01 9.969904240766076509e-01 1.001837013875317650e+00 9.998045729919876612e-01 9.944889583740474936e-01 1.012780926324018171e+00 1.008872386163767843e+00 1.009028727770177936e+00 1.005589212429157886e+00 9.862028532343171117e-01
9.859551220427208440e-01 9.968189953652685231e-01 1.001664751811296883e+00 9.996326603984462267e-01 9.943179597802215275e-01 1.012606782495877100e+00 1.008698914394241308e+00 1.008855229118306829e+00 1.005416305188867376e+00 9.860332794047534932e-01 9.875964266454078100e-01
9.835581320518839155e-01 9.763315170089199579e-01 9.700543842343744005e-01 9.787579716948786590e-01 9.981696091825484896e-01 1.016684513416711955e+00 1.025124355802655485e+00 1.030293759264045761e+00 1.011831604044794553e+00 1.009194153299187269e+00 1.006767698613228346e+00
1.041908568890580922e+00 1.030043463088100131e+00 1.033660099616129147e+00 1.034865645125472078e+00 9.765553123314616446e-01 9.923543034802196905e-01 9.804891976777387885e-01 9.716062307667905351e-01 9.592335268551126504e-01 9.792836521683958573e-01 9.835982360965707105e-01
1.036084908670844795e+00 1.039722757617145055e+00 1.040935373932578401e+00 9.822830374124043029e-01 9.981746933357159568e-01 9.862399959153975715e-01 9.773049283279934274e-01 9.648596556169662941e-01 9.850273795999642257e-01 9.893672695709890830e-01 1.031042977675095340e+00
1.040247243098967322e+00 1.041460471115595032e+00 9.827785475745016708e-01 9.986782200029371559e-01 9.867375021550759406e-01 9.777979272957145751e-01 9.653463765987470024e-01 9.855242741384484528e-01 9.898663533558524907e-01 1.031563084664159247e+00 1.048101298153977678e+00
9.885657579530874317e-01 9.767459499775613674e-01 9.678968958782370180e-01 9.555714276684639241e-01 9.755450069212245889e-01 9.798431189123248952e-01 1.021117635532744705e+00 1.037488385616494702e+00 1.037172347970090280e+00 1.060053473569771532e+00 1.082997806698734022e+00
1.003074067268191261e+00 1.008100961463592071e+00 1.011925636848940657e+00 1.011844658379869921e+00 1.014516947859209539e+00 1.008325209531788502e+00 1.001049605541418863e+00 9.753856599589499909e-01 9.785936531567586139e-01 9.871835999912790260e-01 9.794781872035330794e-01
1.025913824674919761e+00 1.019652529619893944e+00 1.012295192975759095e+00 9.863429438543245276e-01 9.895869749945039873e-01 9.982734195426733459e-01 9.904814457166505326e-01 9.919554326813144751e-01 9.794643380192260551e-01 1.006033897920733278e+00 1.005889018860104178e+00
1.021698460948072151e+00 1.014326361818585598e+00 9.883220395467672281e-01 9.915725798307446492e-01 1.000276453717355629e+00 9.924688453071034422e-01 9.939457898244833389e-01 9.814296317989941176e-01 1.008052503484074158e+00 1.007907333723818910e+00 1.020884247944901180e+00
1.014408956314862165e+00 9.884025165649026334e-01 9.916533215336476026e-01 1.000357904158694744e+00 9.925496599910491602e-01 9.940267247729642763e-01 9.815095475826318694e-01 1.008134587113051372e+00 1.007989405531923177e+00 1.020967376436271890e+00 1.019370379043859298e+00
9.879123714754931562e-01 9.911615643822843102e-01 9.998618304375558319e-01 9.920574583488169784e-01 9.935337906598636915e-01 9.810228206906080883e-01 1.007634656964092823e+00 1.007489547377964367e+00 1.020461082555367271e+00 1.018864877107953371e+00 1.011924853423545212e+00
9.836143297570907329e-01 9.858975686624836809e-01 1.000645046182561781e+00 1.008199697314886123e+00 1.012591501111051562e+00 1.012079955782520857e+00 1.007338803957114948e+00 9.980124592479284740e-01 9.914933754879954320e-01 1.000127262496366187e+00 1.004905844467761877e+00
9.938978336710105888e-01 9.925910829247241995e-01 9.972366417704676689e-01 1.004567633342524857e+00 9.971467277282919373e-01 1.000617409756273224e+00 1.003500653375373197e+00 1.002511598911440815e+00 1.005778475777157288e+00 1.002151942742738111e+00 9.996343495618190689e-01
9.920220079234755017e-01 9.966649033648711242e-01 1.003991691913034723e+00 9.965750408724569631e-01 1.000043733079641450e+00 1.002925323669720425e+00 1.001936836253165319e+00 1.005201840144211323e+00 1.001577386283508897e+00 9.990612364959139402e-01 9.888408756920159526e-01
1.005058034862898131e+00 9.976335065723268558e-01 1.001105882889161025e+00 1.003990534026289350e+00 1.003000996733927286e+00 1.006269468396577826e+00 1.002641164991250111e+00 1.000122342792510333e+00 9.898911269090573395e-01 9.902869418260021872e-01 9.851833282756983223e-01
9.996202224342780607e-01 1.003099513740496551e+00 1.005989909454298115e+00 1.004998401569106248e+00 1.008273382159588394e+00 1.004637853247218215e+00 1.002114014994002877e+00 9.918624243749893932e-01 9.922590275290661399e-01 9.871452504969557840e-01 9.837200414390203651e-01
1.011889015793096203e+00 1.007764280797916800e+00 1.005457438125840763e+00 1.003401339222468547e+00 1.005871165344202067e+00 1.000423756969109679e+00 9.990822778065435728e-01 1.002348215393912056e+00 9.874164239675938815e-01 9.763460865793157639e-01 9.741081984436333885e-01
1.014930301672288149e+00 1.014336833023030460e+00 1.010433635368296779e+00 1.009056483759121825e+00 1.007633680715388280e+00 9.975142793883011727e-01 9.984349166518933227e-01 9.913056842883740671e-01 9.766287480778843566e-01 9.797254370554216996e-01 9.986479566798319718e-01
1.015991104790777477e+00 1.012081541450135624e+00 1.010702143858213331e+00 1.009277020379265810e+00 9.991411154220461999e-01 1.000063254143717995e+00 9.929223947866393507e-01 9.782215221080853285e-01 9.813232614446181223e-01 1.000276641616501649e+00 1.001160675432319236e+00
1.013584731125512173e+00 1.012203284789359836e+00 1.010776044652008876e+00 1.000625085386358304e+00 1.001548593710526625e+00 9.943971284233728003e-01 9.796744213380793598e-01 9.827807675193726000e-01 1.001762298116119165e+00 1.002647644939288707e+00 1.019545557581507111e+00
1.011600287413749300e+00 1.010173897522658182e+00 1.000028985463027542e+00 1.000951943627851115e+00 9.938047386655398663e-01 9.790908023023611184e-01 9.821952979476767931e-01 1.001165520723843239e+00 1.002050340121525496e+00 1.018938186211767682e+00 1.007999987795594521e+00
1.010537721379899612e+00 1.000389155532494412e+00 1.001312446109589249e+00 9.941626670125828236e-01 9.794434312835265111e-01 9.825490450428453482e-01 1.001526100127429375e+00 1.002411238201338373e+00 1.019305166611981450e+00 1.008363028698312958e+00 1.018946533082035533e+00
9.995486538907253360e-01 1.000471168742452122e+00 9.933273967088329659e-01 9.786205277089914389e-01 9.817235322102541017e-01 1.000684643253595407e+00 1.001569037656903749e+00 1.018448772216597131e+00 1.007515827610183212e+00 1.018090440001463648e+00 1.040055442380179773e+00
9.964349308437329134e-01 9.893199791942715038e-01 9.746724426608550651e-01 9.777629285961068062e-01 9.966475441267477198e-01 9.975283705849522509e-01 1.014340006606198274e+00 1.003451169183223080e+00 1.013983120023994822e+00 1.035859508179916233e+00 1.040764800352330433e+00
9.653484148262906350e-01 9.684093361861821903e-01 9.871132954541179672e-01 9.879856956451436023e-01 1.004636506187648548e+00 9.938518348606603103e-01 1.004283033696457217e+00 1.025950145337359398e+00 1.030808511918415382e+00 1.031613225887723528e+00 1.027552052584673303e+00
1.015155381955708869e+00 1.004896553812347992e+00 1.003678182796024609e+00 1.018507704574586725e+00 1.003858415194889053e+00 9.856044778379033922e-01 1.002193067829382001e+00 9.992805122637332671e-01 9.827351780479822718e-01 9.840905256874423745e-01 9.522903212318092336e-01
1.011253807010848993e+00 1.010027728242905765e+00 1.024951065672841333e+00 1.010209100841713781e+00 9.918396840344230192e-01 1.008533218028726530e+00 1.005602236831986351e+00 9.889522322613970573e-01 9.903161542044343069e-01 9.583147728707218649e-01 9.612747736832710777e-01
1.015101105440874951e+00 1.030099402911725859e+00 1.015283389075668952e+00 9.968217025437317025e-01 1.013599088290172201e+00 1.010653384751901029e+00 9.939197470778110555e-01 9.952905200114618989e-01 9.631283954884071186e-01 9.661032644082453436e-01 9.538465128046962338e-01
1.029833265302040335e+00 1.026840382288947806e+00 1.009838732499227731e+00 1.011231460237993263e+00 9.785542152608882605e-01 9.815767307790607132e-01 9.691236705191391687e-01 9.707756826773560332e-01 1.010949951439732208e+00 1.011275908995613371e+00 9.820582589866126977e-01
9.919162644758747760e-01 9.883234931318189975e-01 1.008051799778844959e+00 1.011325213670095868e+00 1.001265453906739600e+00 9.999880240955199007e-01 1.011245374306894540e+00 9.923234452282010398e-01 9.920679592659569224e-01 1.003492972140054285e+00 1.002087799347712638e+00
9.873192379259988494e-01 1.007027498247312636e+00 1.010297585957445898e+00 1.000248048116548993e+00 9.989719163272289260e-01 1.010217827720613304e+00 9.913151255913077442e-01 9.910598992334435087e-01 1.002473302924176357e+00 1.001069557955924116e+00 1.003685628124030504e+00
1.005382050753240275e+00 1.008646795255131901e+00 9.986136780054163387e-01 9.973396313705318317e-01 1.008567167340451487e+00 9.896953515612249008e-01 9.894405422342478218e-01 1.000835296824996279e+00 9.994338455266233989e-01 1.002045641128136655e+00 1.001878422507308075e+00
1.009000311454268273e+00 9.989636777412156388e-01 9.976891845713042883e-01 1.008920655631148744e+00 9.900422255518356307e-01 9.897873269178532052e-01 1.001186075206248915e+00 9.997841327193462968e-01 1.002396843717664687e+00 1.002229566489113877e+00 1.008442720692432015e+00
9.990193821390531692e-01 9.977448179006173090e-01 1.008976915251833750e+00 9.900974324700019258e-01 9.898425196223146205e-01 1.001241903529825894e+00 9.998398828675464367e-01 1.002452739556340067e+00 1.002285453000045345e+00 1.008498953662420483e+00 1.013716701013517518e+00
9.962805526036132564e-01 1.007496166010168892e+00 9.886443902842562137e-01 9.883898515402775864e-01 9.997725059975692830e-01 9.983725429056872214e-01 1.000981565031467513e+00 1.000814523980731563e+00 1.007018905865209035e+00 1.012228995781020435e+00 1.026594526144310793e+00
1.004451275072621774e+00 9.856564738573833084e-01 9.854027043894981741e-01 9.967509577814840371e-01 9.953552257081161869e-01 9.979563627539381754e-01 9.977898265406385248e-01 1.003975457320337217e+00 1.009169801116109877e+00 1.023491915459873836e+00 1.023682242560787659e+00
9.837645993547631251e-01 9.835113169734021055e-01 9.948377884648872405e-01 9.934447353674019654e-01 9.960408797763516953e-01 9.958746632135835331e-01 1.002048421259256639e+00 1.007232795002738657e+00 1.021527419400797054e+00 1.021717381186817875e+00 1.030463538418188163e+00
9.789397720970101080e-01 9.902135960268241277e-01 9.888270181011447058e-01 9.914110951444563558e-01 9.912456511874150333e-01 9.973907124489488352e-01 1.002550988251903474e+00 1.016779168557454760e+00 1.016968247365501954e+00 1.025673750819341645e+00 1.039571043210810286e+00
1.001472231181841366e+00 1.001683736944240399e+00 9.968342119635213994e-01 9.965698297605226630e-01 9.966680288644936825e-01 9.965018457654658546e-01 1.003519304810774226e+00 1.008935363083633296e+00 1.010551871410539482e+00 9.872635762149685190e-01 9.779422151149572695e-01
1.001001532648446712e+00 1.001100168439581717e+00 1.000933246331507265e+00 1.007981911713379475e+00 1.013422054962897834e+00 1.015045751832349463e+00 9.916538945962760643e-01 9.822910818070077488e-01 9.852880923837993299e-01 1.001282265284753947e+00 9.946509051730678674e-01
1.001736333868076478e+00 1.001569305686626166e+00 1.008622450257868453e+00 1.014066050535135322e+00 1.015690779209242889e+00 9.922840572360023259e-01 9.829152946946534408e-01 9.859142097706928842e-01 1.001918546429658496e+00 9.952829723120418803e-01 9.958296099967883785e-01
1.002161254667208512e+00 1.009218567798444877e+00 1.014665385360443484e+00 1.016291074284108031e+00 9.928705184352364377e-01 9.834962187539171286e-01 9.864969062532047417e-01 1.002510701819024463e+00 9.958712059345242729e-01 9.964181666938881632e-01 9.932427556186923523e-01
1.010119442727330119e+00 1.015571122369298473e+00 1.017198262457696289e+00 9.937568003430680141e-01 9.843741327305312039e-01 9.873774987815456816e-01 1.003405588998099951e+00 9.967601663940827139e-01 9.973076153957867174e-01 9.941293698025609471e-01 9.920156083793152391e-01
1.000073520239956881e+00 9.978431309378953395e-01 9.846590519523754637e-01 9.959431696805836065e-01 1.015041910667126013e+00 1.013191513616526818e+00 1.011291552359214974e+00 1.009804626157840612e+00 9.849977406982441952e-01 9.871537836902369856e-01 9.815695497339641529e-01
9.996929598422923391e-01 9.864844398503366252e-01 9.977894763848050852e-01 1.016923623140069122e+00 1.015069795772777006e+00 1.013166312315289863e+00 1.011676629609430167e+00 9.868237564666714201e-01 9.889837963901678686e-01 9.833892102281615033e-01 9.912183204489574129e-01
9.873211589290699086e-01 9.986357842004428553e-01 1.017786160208798751e+00 1.015930760457124160e+00 1.014025662497815450e+00 1.012534716268791213e+00 9.876607633479032033e-01 9.898226353799883803e-01 9.842233039865416755e-01 9.920590547235247358e-01 9.903361835255409806e-01
9.983347838075737890e-01 1.017479387670775948e+00 1.015624547158078039e+00 1.013720023417361560e+00 1.012229526576800875e+00 9.873630709534462202e-01 9.895242913722591682e-01 9.839266476821533214e-01 9.917600366331003059e-01 9.900376847284522164e-01 9.707771533332064662e-01
1.020291068093858611e+00 1.018431101955206364e+00 1.016521315294983241e+00 1.015026699647852082e+00 9.900915286015464778e-01 9.922587212898866804e-01 9.866456091928827998e-01 9.945006447605835298e-01 9.927735333461206180e-01 9.734597778170807070e-01 9.749710003047357132e-01
9.974935164175512403e-01 1.005636661878876348e+00 1.002100162361278191e+00 1.006690087267096967e+00 1.000469861165222518e+00 1.005327322677573409e+00 9.933717805731639983e-01 9.985218602489095430e-01 9.856801031353620290e-01 1.004708644274967755e+00 1.013278176202953462e+00
1.004051800271455352e+00 1.000520874200533150e+00 1.005103565484070538e+00 9.988931423238668339e-01 1.003742948582036831e+00 9.918062481531503272e-01 9.969482114148243701e-01 9.841266926324681030e-01 1.003125245203199345e+00 1.011681271734394150e+00 1.005679532148121780e+00
9.873420315070469133e-01 9.936424164452000163e-01 9.970316479092199424e-01 1.013841211517923169e+00 1.009359230362733006e+00 1.004322337254995867e+00 9.988415145852204136e-01 1.004236966185372948e+00 9.962718453895781368e-01 9.951107988427099205e-01 9.942144026116717104e-01
9.929600174719876993e-01 9.963469213299869232e-01 1.013144940716385500e+00 1.008666037629610823e+00 1.003632603684473601e+00 9.981555450526462536e-01 1.003547291244725415e+00 9.955876406162288417e-01 9.944273914356548394e-01 9.935316108182997707e-01 9.928491113003150570e-01
9.963579715548110949e-01 1.013156177243678124e+00 1.008677224482553036e+00 1.003643734712907909e+00 9.981666153364462390e-01 1.003558421326981476e+00 9.955986824200678820e-01 9.944384203714717874e-01 9.935426298192465699e-01 9.928601227318371025e-01 9.950953334431034136e-01
1.013284118358260821e+00 1.008804599996075080e+00 1.003770474598571161e+00 9.982926635728126552e-01 1.003685150439291407e+00 9.957244063784929100e-01 9.945639978122886582e-01 9.936680941398513545e-01 9.929855008656135462e-01 9.952209938387425181e-01 9.865605916718501733e-01
1.011507705311715855e+00 1.006460090908391170e+00 1.000967602015281566e+00 1.006374538121893814e+00 9.983924631417208095e-01 9.972289452453613201e-01 9.963306409871423019e-01 9.956462186951660076e-01 9.978877017013884076e-01 9.892040938719395271e-01 9.794596314899274292e-01
1.010176127521077882e+00 1.001950140548049983e+00 1.000944742140235544e+00 1.003636883331408436e+00 1.010009945966067191e+00 1.005298698881514907e+00 9.971558026859922430e-01 9.879077991496488798e-01 9.894865239222501163e-01 9.934333358537533742e-01 1.006902350887367792e+00
1.002278264064186963e+00 1.001272536403601254e+00 1.003965559230294291e+00 1.010340708946571020e+00 1.005627918999858039e+00 9.974823561289958285e-01 9.882313240113739239e-01 9.898105657924594070e-01 9.937586702451731702e-01 1.007232096177486769e+00 1.005037781281662879e+00
1.000996309748463098e+00 1.003688589635885808e+00 1.010061980603951470e+00 1.005350490800961616e+00 9.972071750920900035e-01 9.879586951084432522e-01 9.895375012152651806e-01 9.934845164823201680e-01 1.006954225425259697e+00 1.004760515887359595e+00 1.010244789732109849e+00
1.002761187958364664e+00 1.009128689954954083e+00 1.004421553537657941e+00 9.962857621991209056e-01 9.870458277503539879e-01 9.886231750506825344e-01 9.925665433015039563e-01 1.006023806321675762e+00 1.003832123757008699e+00 1.009311330168676468e+00 1.012192064448750317e+00
1.008177889839013242e+00 1.003475188481284697e+00 9.953470626778025965e-01 9.861158340867055561e-01 9.876916952118702797e-01 9.916313480247823664e-01 1.005075931624215047e+00 1.002886314060828177e+00 1.008360357969295462e+00 1.011238378024201801e+00 1.024185321268319182e+00
1.001871449628194188e+00 9.937563140723073563e-01 9.845398386909789412e-01 9.861131812987526946e-01 9.900465378181876330e-01 1.003469634487669904e+00 1.001283516337920787e+00 1.006748811712293579e+00 1.009622232159122834e+00 1.022548483794570862e+00 1.021289809708351815e+00
9.918303421999810077e-01 9.826317290169551688e-01 9.842020223725479466e-01 9.881277557615303353e-01 1.001524837495299414e+00 9.993429562012126066e-01 1.004797659436430068e+00 1.007665510985854995e+00 1.020566710607331506e+00 1.019310475922857284e+00 1.025145355444165851e+00
9.793689600295223396e-01 9.809340393213814568e-01 9.848467375510296939e-01 9.981993350884186267e-01 9.960246985986773716e-01 1.001461289823030620e+00 1.004319618845531448e+00 1.017177980817070004e+00 1.015925917383582622e+00 1.021741422541754707e+00 1.014599718615217805e+00
9.774902669598686256e-01 9.813892288510046580e-01 9.946949493258079311e-01 9.925279473484187598e-01 9.979454522918919102e-01 1.000793746557627095e+00 1.013606966583023627e+00 1.012359298777860239e+00 1.018154387399212046e+00 1.011037755905285662e+00 1.012728674114915073e+00
9.779431130916448334e-01 9.912021109698780919e-01 9.890427183481300677e-01 9.944411999025001281e-01 9.972794924772977465e-01 1.010047719305133596e+00 1.008804432644127003e+00 1.014579172003801988e+00 1.007487530325561043e+00 1.009172510931925171e+00 1.002776128241747333e+00
9.853072153624388152e-01 9.906853074598213071e-01 9.935128801231422058e-01 1.006232882795890848e+00 1.004994291888614999e+00 1.010747220707936433e+00 1.003682363361829255e+00 1.005360979986163805e+00 9.989887557132044460e-01 1.000488102600959550e+00 1.004480928552046626e+00
9.887894309643984192e-01 9.916115924961408368e-01 1.004307252873806178e+00 1.003071032260478113e+00 1.008812951688173198e+00 1.001761614373992471e+00 1.003437018626265997e+00 9.970769888919071011e-01 9.985734664764620572e-01 1.002558651348375074e+00 1.007796322894317864e+00
9.897304225779715026e-01 1.002401998228739322e+00 1.001168122829048768e+00 1.006899149356558443e+00 9.998611890175348460e-01 1.001533414888167828e+00 9.951854506608133200e-01 9.966790893025436748e-01 1.000656713946282528e+00 1.005884449192339325e+00 1.003441051196899858e+00
1.001029523824964684e+00 9.997973378297313474e-01 1.005520517518118107e+00 9.984921934532012822e-01 1.000162129736214878e+00 9.938228570502116721e-01 9.953144506233888578e-01 9.992866291606544715e-01 1.004507206666774843e+00 1.002067154136740301e+00 1.003315553105595281e+00
9.995688334675999487e-01 1.005290705119373129e+00 9.982639873827056087e-01 9.999335420006449926e-01 9.935957181597293575e-01 9.950869708281799841e-01 9.990582415213370426e-01 1.004277625860914736e+00 1.001838131006546950e+00 1.003086244652967585e+00 1.001854340274682231e+00
1.008703196288014858e+00 1.015084786289436325e+00 1.010916557883444700e+00 1.010682296984658279e+00 1.009680629693295861e+00 9.978302593995165282e-01 9.976767781210011954e-01 9.905035478409222049e-01 9.821832469529926390e-01 9.767387005467164096e-01 9.711972185961146309e-01
1.018906293962586140e+00 1.014722373353290630e+00 1.014487230528349659e+00 1.013481792242394874e+00 1.001586808649688187e+00 1.001432749557485291e+00 9.942325140903256475e-01 9.858808896182821302e-01 9.804158460317216051e-01 9.748535019658749468e-01 9.764670682473669538e-01
1.019047130471744333e+00 1.018810985465681940e+00 1.017801261991484019e+00 1.005855581857223235e+00 1.005700866163596219e+00 9.984699432193403501e-01 9.900827240385029482e-01 9.845943883803627283e-01 9.790083375473001004e-01 9.806287808647627946e-01 9.805880662085452171e-01
1.022744364589941224e+00 1.021730742821269189e+00 1.009738943348352569e+00 1.009583630335410875e+00 1.002324790572663771e+00 9.939051903974054358e-01 9.883956656225275639e-01 9.827880484184232657e-01 9.844147478697595766e-01 9.843738760242486396e-01 9.799433679708601241e-01
9.838824968941772831e-01 9.967896093842667504e-01 1.003890862326214384e+00 1.005935398887522370e+00 1.000301217981933055e+00 9.921776967593316510e-01 1.001409325583863419e+00 1.005084809249421118e+00 1.002337950968579694e+00 1.008190631964690498e+00 1.002767147574961104e+00
1.001280187760871465e+00 9.947792342876954352e-01 1.001213511314992699e+00 9.985631225913133013e-01 1.003380495806051487e+00 1.006014215418261193e+00 9.995882729466987193e-01 9.990131886009948614e-01 1.000855125418394609e+00 9.953126458547253419e-01 9.855278774220218585e-01
9.989282585219748656e-01 9.994335662910818208e-01 9.957986104036349317e-01 1.002465412905723552e+00 1.005766213655534980e+00 1.004070987591434205e+00 1.005236455510503557e+00 1.001650400374905825e+00 9.967440249393835217e-01 9.899060698058232965e-01 1.004910450498176511e+00
9.988360433946480432e-01 9.952032607075453896e-01 1.001866077384787390e+00 1.005164904712761542e+00 1.003470692159135425e+00 1.004635463289753616e+00 1.001051552118620958e+00 9.961481100162986602e-01 9.893142430331616222e-01 1.004309653183286910e+00 1.004065295603437047e+00
1.003377520588016880e+00 9.984626852145914722e-01 9.916129395695683080e-01 1.006643191932485637e+00 1.006398266581650436e+00 1.005067505508779435e+00 1.001679371488893189e+00 1.000805804404247823e+00 9.987239389221489461e-01 9.872287757896190952e-01 9.798646869078421195e-01
1.000815886964057766e+00 9.939499976677252935e-01 1.009015673704135141e+00 1.008770171107126856e+00 1.007436273663381510e+00 1.004040154404766794e+00 1.003164528475437134e+00 1.001077756400866381e+00 9.895555011812767754e-01 9.821740564312270161e-01 9.838107404112823584e-01
9.956431033564087096e-01 1.010734442436091118e+00 1.010488521647177285e+00 1.009152352027411714e+00 1.005750447780769719e+00 1.004873330300310119e+00 1.002783003594541977e+00 9.912411212348500866e-01 9.838471028481724501e-01 9.854865747742650450e-01 9.922330017501361787e-01
1.011079230726968481e+00 1.010833226047959332e+00 1.009496600625343854e+00 1.006093535899052815e+00 1.005216119210587289e+00 1.003125079439010969e+00 9.915792598375221534e-01 9.841827191553182974e-01 9.858227503487116961e-01 9.925714787095251124e-01 9.946789187930353826e-01
1.012493747376773001e+00 1.011154926245740215e+00 1.007746271218877609e+00 1.006867413175806858e+00 1.004772938400264826e+00 9.932081521886440001e-01 9.857994610218244746e-01 9.874421863359751361e-01 9.942020010037051492e-01 9.963129030323887303e-01 1.003039863193835757e+00
1.012111764986377116e+00 1.008699884407130432e+00 1.007820194715613571e+00 1.005723737974148602e+00 9.941480082016677100e-01 9.867323063161720365e-01 9.883765861133995134e-01 9.951427974789902597e-01 9.972556970184274228e-01 1.003989022788073893e+00 1.006217021913316856e+00
1.009294837782499732e+00 1.008414629230656612e+00 1.006316935952899838e+00 9.947343785604231270e-01 9.873143027308677322e-01 9.889595523604809424e-01 9.957297545863391663e-01 9.978439003603920554e-01 1.004581197593658048e+00 1.006810510841783968e+00 1.004589423841806051e+00
