9.959558878393098835e-01 9.965528047633969155e-01 1.000134306307919552e+00 9.984927847666801304e-01 9.984927847666801304e-01 1.007297309396964602e+00 1.008789601707182459e+00 1.005805017086746966e+00 9.967020339944188123e-01 9.917774693707003264e-01 9.938666786050051050e-01
9.967610490021939773e-01 1.000343298953684457e+00 9.987014343925847415e-01 9.987014343925847415e-01 1.007507798856665193e+00 1.009000403003119439e+00 1.006015194710210947e+00 9.969103094168394463e-01 9.919847157335403010e-01 9.940743615385763121e-01 9.937758407092853741e-01
1.000642011436762013e+00 9.989996565985338473e-01 9.989996565985338473e-01 1.007808650730847910e+00 1.009301700583782546e+00 1.006315600877913274e+00 9.972079967750122620e-01 9.922809322603282078e-01 9.943712020544366315e-01 9.940725920838496821e-01 9.966107768338384743e-01
9.994025392083645265e-01 9.994025392083645265e-01 1.008215085884988760e+00 1.009708737864077666e+00 1.006721433905899854e+00 9.976101568334577729e-01 9.926811053024645615e-01 9.947722180731889408e-01 9.944734876773710930e-01 9.970126960418222994e-01 9.947722180731889408e-01
9.998655090482524432e-01 1.008682138107264148e+00 1.010176482015571198e+00 1.007187794198957098e+00 9.980722963582839835e-01 9.931409614608707193e-01 9.952330429325005889e-01 9.949341741508390680e-01 9.974745587949611636e-01 9.952330429325005889e-01 9.944858709783470641e-01
1.009225064665161709e+00 1.010720212909109961e+00 1.007729916421213234e+00 9.986095121331280966e-01 9.936755229280984647e-01 9.957687304696262176e-01 9.954697008208364117e-01 9.980114528355487069e-01 9.957687304696262176e-01 9.950211563476519805e-01 9.962172749428106489e-01
9.920834295180803730e-01 9.904539467430711897e-01 9.896392053555665980e-01 9.994161020056215872e-01 1.001181375011881425e+00 1.010822481430685649e+00 1.004983501486903075e+00 1.005390872180655260e+00 1.002946648018141484e+00 1.003082438249392361e+00 1.001452955474383177e+00
9.895268070327761789e-01 9.887128283047535993e-01 9.984805730410245550e-01 1.000244193618406774e+00 1.009876275233340559e+00 1.004042761015845553e+00 1.004449750379856621e+00 1.002007814195789104e+00 1.002143477317126274e+00 1.000515519861080893e+00 1.001193835467766524e+00
9.875606384996882259e-01 9.973170004607170291e-01 9.990785658147915971e-01 1.008699422748583929e+00 1.002872706577414119e+00 1.003279221659123532e+00 1.000840131168866387e+00 1.000975636196102858e+00 9.993495758692647613e-01 1.000027101005447339e+00 9.989430607875552370e-01
9.996474863061988181e-01 1.009273821790769521e+00 1.003443787624057837e+00 1.003850534193828414e+00 1.001410054775204728e+00 1.001545636965128327e+00 9.999186506860459067e-01 1.000596561635663573e+00 9.995119041162754403e-01 9.808015619068279900e-01 9.835132057052985433e-01
1.010904844032212146e+00 1.005065388323804765e+00 1.005472792210437838e+00 1.003028368890639399e+00 1.003164170186183757e+00 1.001534554639651464e+00 1.002213561117373253e+00 1.001127150753018391e+00 9.823865719678966935e-01 9.851025978787838477e-01 9.988185287287641989e-01
1.006155978637531145e+00 1.003709894410697467e+00 1.003845787978854931e+00 1.002215065160966034e+00 1.002894533001753130e+00 1.001807384456493644e+00 9.830540720507697783e-01 9.857719434139181613e-01 9.994971937978175403e-01 1.011048147091198057e+00 1.023958036066152877e+00
9.981227782881335608e-01 1.001850594453542076e+00 1.002915684786515937e+00 1.001184912995433329e+00 9.931967354981293683e-01 9.985221871629987866e-01 9.953269161640772023e-01 1.001451185578676961e+00 1.000652367828946510e+00 1.006776637243546269e+00 1.006510364660302637e+00
1.001010987841540967e+00 1.002075185569478721e+00 1.000345864261579898e+00 9.923643813020459614e-01 9.976853699417351784e-01 9.944927767579216926e-01 1.000611913693564281e+00 9.998137653976109096e-01 1.005932902333253498e+00 1.005666852901269115e+00 1.002873333865432093e+00
1.001888599244560307e+00 1.000159599936160104e+00 9.921796031281587824e-01 9.974996010001595526e-01 9.943076022769591349e-01 1.000425599829760204e+00 9.996276001489600160e-01 1.005745597701761085e+00 1.005479597808160985e+00 1.002686598925360384e+00 1.002553598978560334e+00
1.000093093772026487e+00 9.921136275983135633e-01 9.974332717141222160e-01 9.942414852446370688e-01 1.000359075977817147e+00 9.995611293604457215e-01 1.005678720093625689e+00 1.005412737887835251e+00 1.002619924727035539e+00 1.002486933624140431e+00 1.003417871344407075e+00
9.917838815177217882e-01 9.971017575580312098e-01 9.939110319338455568e-01 1.000026589380201614e+00 9.992289079741550895e-01 1.005344465420511035e+00 1.005078571618495564e+00 1.002286686697333007e+00 1.002153739796325160e+00 1.003084368103379420e+00 1.001887845994309911e+00
1.019526165061181988e+00 1.013147617807862444e+00 1.007810466024472884e+00 1.000650872168705963e+00 1.001822442072376917e+00 1.001041395469929540e+00 9.997396511325175039e-01 9.854204634209841052e-01 9.860713355896901788e-01 9.847695912522780315e-01 9.848997656860192240e-01
1.016667972934137909e+00 1.011312276301695512e+00 1.004127805209394708e+00 1.005303445933589224e+00 1.004519685450792732e+00 1.003213417979465394e+00 9.888444757948636754e-01 9.894976095305273445e-01 9.881913420591998953e-01 9.883219688063327180e-01 9.868850745878725572e-01
1.014333254723161160e+00 1.007127322275502612e+00 1.008306474857846746e+00 1.007520373136283842e+00 1.006210203600345965e+00 9.917983387050284261e-01 9.924534234729973647e-01 9.911432539370594874e-01 9.912742708906533418e-01 9.898330844011214991e-01 9.878678300972145720e-01
1.004089581304771217e+00 1.004089581304771217e+00 1.001752677702044902e+00 9.962999026290165760e-01 9.981174943200259442e-01 9.977280103862382621e-01 1.004868549172346581e+00 1.000584225900681634e+00 9.953911067835119475e-01 9.970788704965920513e-01 1.001752677702044902e+00
1.004324282208110874e+00 1.001986832365888702e+00 9.965327827340371147e-01 9.983507992779876439e-01 9.979612243042839115e-01 1.005103432155518339e+00 1.000818107444777727e+00 9.956237744620618502e-01 9.973119326814444685e-01 1.001986832365888702e+00 1.001986832365888702e+00
1.002221096520282018e+00 9.967657717336241285e-01 9.985842133291766842e-01 9.981945472729869540e-01 1.005338424969800748e+00 1.001052098351712605e+00 9.958565509358479062e-01 9.975451038460038111e-01 1.002221096520282018e+00 1.002221096520282018e+00 1.003909649430438034e+00
9.965974909742604249e-01 9.984156255681669867e-01 9.980260252980441837e-01 1.005168696916963311e+00 1.000883093945611924e+00 9.956884236773071439e-01 9.973766915145061418e-01 1.002051894755980443e+00 1.002051894755980443e+00 1.003740162593179441e+00 1.000883093945611924e+00
1.007196144451046438e+00 1.013005875750973894e+00 1.009704892057833314e+00 1.010365088796461475e+00 1.011157324882815178e+00 1.002046609889747142e+00 9.884465570740081919e-01 9.912193833762462658e-01 9.815805109922758342e-01 9.852776127285932661e-01 9.889747144649106980e-01
1.014855086842070486e+00 1.011548077304655013e+00 1.012209479212138108e+00 1.013003161501117688e+00 1.003875815177850850e+00 9.902509358836990572e-01 9.930288238951281432e-01 9.833723560458748070e-01 9.870762067277801810e-01 9.907800574096855550e-01 9.955421511435639248e-01
1.013505453870724216e+00 1.014168135611191346e+00 1.014963353699752213e+00 1.005818345681303017e+00 9.921671018276763121e-01 9.949503651376390145e-01 9.852752117268160914e-01 9.889862294734331760e-01 9.926972472200501496e-01 9.974685557514149092e-01 1.007276245510331236e+00
1.004822103479734219e+00 1.003518832268995187e+00 1.000521308484295657e+00 1.000781962726443375e+00 9.970024762153004705e-01 9.976541118206699865e-01 9.996090186367784236e-01 9.983057474260393915e-01 9.985664016681872202e-01 9.992180372735567362e-01 9.949172422781180636e-01
9.999085648601696574e-01 1.001867889285107838e+00 1.000561673001815644e+00 1.000822916258474304e+00 1.001476024400120401e+00 9.971655106652560496e-01 9.986023485768774632e-01 9.995166999751819992e-01 9.989942134618650105e-01 1.001084159515132521e+00 1.005786538134984420e+00
9.995173304460127639e-01 1.000169586600049509e+00 9.958646959834065449e-01 9.972996595222874960e-01 9.982128181379391618e-01 9.976910132147095434e-01 9.997782329076273511e-01 1.004474477216692474e+00 1.003952672293463078e+00 1.003039513677811412e+00 1.002648159985389364e+00
9.998565485583129631e-01 9.955530053077031871e-01 9.969875197245731124e-01 9.979003925353086002e-01 9.973787509291739406e-01 9.994653173537120239e-01 1.004160091808922628e+00 1.003638450202788190e+00 1.002725577392052703e+00 1.002334346187451874e+00 1.001160652573649168e+00
9.954231917695686160e-01 9.968575191352309073e-01 9.977702729133796078e-01 9.972486993258660171e-01 9.993349936759201579e-01 1.004029155963541919e+00 1.003507582376028440e+00 1.002594828597879628e+00 1.002203648407244518e+00 1.001030107835339189e+00 1.000117354057190378e+00
9.963897975940673168e-01 9.973021231118120999e-01 9.967807942445292557e-01 9.988661097136600775e-01 1.003558069519204565e+00 1.003036740651921832e+00 1.002124415134177049e+00 1.001733418483714999e+00 1.000560428532329071e+00 9.996481030145841773e-01 9.996481030145841773e-01
9.969772774650822456e-01 9.964561184073377209e-01 9.985407546383154864e-01 1.003231186158015209e+00 1.002710027100270906e+00 1.001797998749218044e+00 1.001407129455909928e+00 1.000234521575984914e+00 9.993224932249321624e-01 9.993224932249321624e-01 9.994527829893682380e-01
9.962095061937449314e-01 9.982936264995896369e-01 1.002982897187740141e+00 1.002461867111279048e+00 1.001550064477471969e+00 1.001159291920125982e+00 9.999869742480884671e-01 9.990751716142813876e-01 9.990751716142813876e-01 9.992054291333967164e-01 9.945161584452462122e-01
1.003015434938158146e+00 1.002504344270673586e+00 9.981600735970561633e-01 9.996933455995092865e-01 1.000459981600736015e+00 9.999488909332515663e-01 9.982878462639271921e-01 9.989267095982826694e-01 9.998211182663804264e-01 9.991822549320249491e-01 9.986711642645406117e-01
1.002940048574715748e+00 9.985938898120926277e-01 1.000127828198900781e+00 1.000894797392304802e+00 1.000383484596702122e+00 9.987217180109931869e-01 9.993608590054966490e-01 1.000255656397801340e+00 9.996165154032979894e-01 9.991052026076953085e-01 9.991052026076953085e-01
1.003164761351159617e+00 1.000839630562552651e+00 1.000839630562552651e+00 1.001356326293354249e+00 9.982561519085449975e-01 9.983853258412453968e-01 9.977394561777435111e-01 9.996770651682491682e-01 1.000968804495252940e+00 9.987728476393465948e-01 1.000581282697151853e+00
1.001098262161638219e+00 1.001098262161638219e+00 1.001615091414174152e+00 9.985141158989597754e-01 9.986433232120937031e-01 9.979972866464240644e-01 9.999353963434329806e-01 1.001227469474772258e+00 9.990309451514955974e-01 1.000839847535370364e+00 1.003165579171781063e+00
1.000891346191109754e+00 1.001408068620738945e+00 9.983077340429655777e-01 9.984369146503727643e-01 9.977910116133367202e-01 9.997287207244449636e-01 1.001020526798517052e+00 9.988244564725945462e-01 1.000632984976295603e+00 1.002958235909625406e+00 1.005541848057769583e+00
1.000942580087027300e+00 9.978436866502252700e-01 9.979728072100919611e-01 9.973272044107582834e-01 9.992640128087594276e-01 1.000555218407426894e+00 9.983601688896923676e-01 1.000167856727826710e+00 1.002492026805428260e+00 1.005074438002763193e+00 1.003783232404095616e+00
9.973031910089161789e-01 9.966580213938244226e-01 9.985935302390998025e-01 9.998838694692834261e-01 9.976902927779713881e-01 9.994967677002284390e-01 1.001819378314558806e+00 1.004400056774926053e+00 1.003109717544742541e+00 1.001045174776448610e+00 1.000270971238338635e+00
9.963623229534841474e-01 9.982972575526946057e-01 9.995872139521683186e-01 9.973942880730631844e-01 9.992002270323262492e-01 1.001522148551378999e+00 1.004102061350326203e+00 1.002812104950852490e+00 1.000748174711694638e+00 9.999742008720104991e-01 9.971362967931683974e-01
9.977031665333299104e-01 9.995096647655423716e-01 1.001832305349815488e+00 1.004413017110118878e+00 1.003122661229967072e+00 1.001058091821724449e+00 1.000283878293633411e+00 9.974450953572995271e-01 9.978322021213449355e-01 9.967999174172236243e-01 9.948643835969960270e-01
9.997934844338892679e-01 1.002116784552635531e+00 1.004698229129020515e+00 1.003407506840828134e+00 1.001342351179720147e+00 1.000567917806804763e+00 9.977283287727812811e-01 9.981155454592389731e-01 9.970829676286849796e-01 9.951468841963962975e-01 9.951468841963962975e-01
1.002582644628099207e+00 1.005165289256198413e+00 1.003873966942148810e+00 1.001807851239669311e+00 1.001033057851239860e+00 9.981921487603305776e-01 9.985795454545454142e-01 9.975464876033057759e-01 9.956095041322314820e-01 9.956095041322314820e-01 9.943181818181818787e-01
1.005996691480562477e+00 1.004704301075268758e+00 1.002636476426798984e+00 1.001861042183622930e+00 9.990177832919768797e-01 9.994055004135649067e-01 9.983715880893300199e-01 9.964330024813895514e-01 9.964330024813895514e-01 9.951406120760959428e-01 9.910049627791562843e-01
1.000786575773466192e+00 1.006292606187729533e+00 1.005768222338752071e+00 1.004063974829575212e+00 1.003146303093864766e+00 1.004195070791819688e+00 9.972469847928685516e-01 9.971158888306240753e-01 9.902988987939171928e-01 9.910854745673833843e-01 9.925275301520714022e-01
1.007124394820053226e+00 1.006599577522075073e+00 1.004893921303646076e+00 1.003975491032184308e+00 1.005025125628140614e+00 9.980712964299303103e-01 9.979400921054357720e-01 9.911174672317197842e-01 9.919046931786871246e-01 9.933479407481270451e-01 9.932167364236323959e-01
1.008001471534994975e+00 1.006293439844437643e+00 1.005373730472599370e+00 1.006424826897557523e+00 9.994613130822088687e-01 9.993299260290890995e-01 9.924977992668602145e-01 9.932861215855789405e-01 9.947313791698966234e-01 9.945999921167767432e-01 9.924977992668602145e-01
1.007855986735620490e+00 1.006934849262432152e+00 1.007987577803218793e+00 1.001013251220507216e+00 1.000881660152908914e+00 9.940389246377956400e-01 9.948284710433856759e-01 9.962759727869673343e-01 9.961443817193689210e-01 9.940389246377956400e-01 9.970655191925573702e-01
1.023037434062592732e+00 1.014552191313939700e+00 9.975817058166338569e-01 9.953189744169930187e-01 9.857023659685196781e-01 9.944704501421278708e-01 9.992787543663644856e-01 9.951775537045156605e-01 9.992787543663644856e-01 9.956018158419481789e-01 9.828739517189687414e-01
1.018643418007298074e+00 1.001604498274809130e+00 9.993326423104773593e-01 9.896772544620670020e-01 9.984806963238529454e-01 1.003308390248058179e+00 9.991906513127066791e-01 1.003308390248058179e+00 9.996166243060188306e-01 9.868374345066521780e-01 9.916651284308573011e-01
1.004313965573700562e+00 1.002035963950624442e+00 9.923544570525507647e-01 1.001181713341970925e+00 1.006022466791007819e+00 1.001893588849182226e+00 1.006022466791007819e+00 1.002320714153509096e+00 9.895069550237055589e-01 9.943477084727424531e-01 1.001751213747740010e+00
1.002292826727808617e+00 9.926088380637718700e-01 1.001438357139805557e+00 1.006280351471823709e+00 1.002150415129808181e+00 1.006280351471823709e+00 1.002577649923809711e+00 9.897606061037610425e-01 9.946026004357794159e-01 1.002008003531807523e+00 1.000441475953801618e+00
1.008452615992102785e+00 9.988894373149063144e-01 1.005059230009871740e+00 9.905602171767030617e-01 9.964215202369200997e-01 9.908687068114512275e-01 9.979639684106614839e-01 1.006293188548864848e+00 1.000894619940770003e+00 1.004596495557749325e+00 1.003208292201382079e+00
1.002998639792259006e+00 1.006708297267218777e+00 1.005317175714109057e+00 1.000680103870409177e+00 1.001298380116235842e+00 1.002534932607889173e+00 9.961976010881661292e-01 9.946519104735995764e-01 9.932607889204896345e-01 9.963521701496228511e-01 9.944973414121428545e-01
1.003089224059603879e+00 1.013386637591616957e+00 1.006420740202313979e+00 1.003089224059603879e+00 1.008540795929493195e+00 9.918832152159429150e-01 9.976376521897147853e-01 9.940032709431220193e-01 9.924889454237083575e-01 9.894602943848811449e-01 9.861287782421711556e-01
1.015108306534797666e+00 1.008130574601055818e+00 1.004793398458831311e+00 1.010254232146107656e+00 9.935683514349856749e-01 9.993325647715550764e-01 9.956920089800376239e-01 9.941751107335718984e-01 9.911413142406406696e-01 9.878041380984163844e-01 9.859838602026576027e-01
1.011075275360555192e+00 1.007728351487859886e+00 1.013205136006815721e+00 9.964705166433397432e-01 1.002251566968904051e+00 9.986003772896002717e-01 9.970790482565570212e-01 9.940363901904704091e-01 9.906894663177753246e-01 9.888638714781233796e-01 9.839956185723848225e-01
1.010464655093510800e+00 1.015956310827714537e+00 9.991762516398694505e-01 1.004972999359306840e+00 1.001311895536504348e+00 9.997864356103365324e-01 9.967355157580010117e-01 9.933795039204321720e-01 9.915489520090308151e-01 9.866674802452939375e-01 9.837691063855752427e-01
1.018675721561969505e+00 1.001850747181816770e+00 1.007663011058596680e+00 1.003992107557472702e+00 1.002462564432004211e+00 9.994034781810673396e-01 9.960384833050368592e-01 9.942030315544747587e-01 9.893084935529756763e-01 9.864023616145857210e-01 9.856375900518515865e-01
1.005171646486503256e+00 1.011003176649325708e+00 1.007320104967543095e+00 1.005785491766800321e+00 1.002716265365314774e+00 9.993401163236809159e-01 9.974985804827894986e-01 9.925878182404126449e-01 9.896720531590014192e-01 9.889047465586300323e-01 9.925878182404126449e-01
1.012277008650758203e+00 1.008589296415236536e+00 1.007052749650435564e+00 1.003979656120834063e+00 1.000599253238272368e+00 9.987553971205114234e-01 9.938384474731488671e-01 9.909190086200273528e-01 9.901507352376269777e-01 9.938384474731488671e-01 9.488176272644858189e-01
1.018714250186520953e+00 1.015605570753544074e+00 1.012186023377269484e+00 1.010320815717483445e+00 1.005346928624720304e+00 1.002393683163392391e+00 1.001616513305148004e+00 1.005346928624720304e+00 9.598047749316092059e-01 9.686645113155933906e-01 9.807883611042030880e-01
1.002475458813486764e+00 1.005548442168160195e+00 1.000426803243704477e+00 1.006572769953051560e+00 1.000426803243704477e+00 9.951344430217666792e-01 9.922321809645752166e-01 9.949637217242848219e-01 1.000085360648740762e+00 1.002134016218523049e+00 1.001109688433631906e+00
1.005685795755289158e+00 1.000563457237010789e+00 1.006710263458944654e+00 1.000563457237010789e+00 9.952703741014566896e-01 9.923677156077658212e-01 9.950996294841807366e-01 1.000221968002458883e+00 1.002270903409770320e+00 1.001246435706114601e+00 1.004832072668909282e+00
1.005800068236096800e+00 9.996588195155236001e-01 9.943705220061411776e-01 9.914704878880927774e-01 9.941999317639029776e-01 9.993176390310473112e-01 1.001364721937905156e+00 1.000341180484476178e+00 1.003923575571477267e+00 1.009553053565335867e+00 1.005117707267144223e+00
9.941330968380122091e-01 9.912337551591229312e-01 9.939625473274892320e-01 9.990790326431763235e-01 1.001125626769451271e+00 1.000102329706313853e+00 1.003683869427294928e+00 1.009312003274550618e+00 1.004877716000955212e+00 1.002490022853634422e+00 1.000102329706313853e+00
9.931664422896678834e-01 9.982788296041308351e-01 1.000323784529915994e+00 9.993013070670234699e-01 1.002879978187147580e+00 1.008503604233056627e+00 1.004072868560522247e+00 1.001687087813772692e+00 9.993013070670234699e-01 9.924847906477395343e-01 9.887357066171335029e-01
9.987213366294434014e-01 1.000767198022334048e+00 9.997442673258887247e-01 1.003324524763447245e+00 1.008950643593896412e+00 1.004517943909300381e+00 1.002131105617594331e+00 9.997442673258887247e-01 9.929247293495866433e-01 9.891739834626205319e-01 9.939476600460319666e-01
9.954451056700580613e-01 9.933509013804298071e-01 9.964922078148723550e-01 1.005218059021657506e+00 1.001378684490672022e+00 1.001727718538943490e+00 1.003472888780300609e+00 1.003472888780300609e+00 1.000331582345857839e+00 9.991099631769079226e-01 1.000680616394129308e+00
9.928311035914254568e-01 9.959707662521150029e-01 1.004692051420697396e+00 1.000854685946521050e+00 1.001203537353264394e+00 1.002947794386980895e+00 1.002947794386980895e+00 9.998081317262913492e-01 9.985871518026897542e-01 1.000156983133034583e+00 1.000505834539777927e+00
9.982782309257551834e-01 1.000017391606810468e+00 1.000017391606810468e+00 9.968869023809110441e-01 9.956694899041722557e-01 9.972347345171219679e-01 9.975825666533331137e-01 1.000713055879232538e+00 1.001408720151654608e+00 1.012191516374197686e+00 1.014626341327675263e+00
9.910158949550795793e-01 9.941257774706289130e-01 9.948168624740842958e-01 1.005528680027643507e+00 1.007947477539737458e+00 1.011748445058742396e+00 1.015549412577747113e+00 1.009329647546648445e+00 9.906703524533517768e-01 9.792674498963372942e-01 9.803040774015204795e-01
9.951918087792727130e-01 9.958836348541975081e-01 1.006606939015531443e+00 1.009028330277768060e+00 1.012833373689854266e+00 1.016638417101940473e+00 1.010411982427617650e+00 9.917326784046489596e-01 9.803175481683902293e-01 9.813552872807774774e-01 9.789338960185408611e-01
9.975053703832027496e-01 1.008246136788857328e+00 1.010671471138521182e+00 1.014482710830850287e+00 1.018293950523179170e+00 1.012057376481186433e+00 9.933476543552074434e-01 9.819139352782203511e-01 9.829533642852192887e-01 9.805280299355554341e-01 9.839927932922181153e-01
1.009610380598827239e+00 1.012038996634631927e+00 1.015855393262325101e+00 1.019671789890018276e+00 1.013426777226520414e+00 9.946917392360267174e-01 9.832425493529471927e-01 9.842833847968635030e-01 9.818547687610588159e-01 9.853242202407799244e-01 9.860181105367240573e-01
1.014432272648235100e+00 1.018257694314032236e+00 1.022083115979829371e+00 1.015823335072161493e+00 9.970439923491566381e-01 9.855677273517647885e-01 9.866110241697095828e-01 9.841766649278386181e-01 9.876543209876542662e-01 9.883498521996173514e-01 9.886976178055990605e-01
1.020884906384017299e+00 1.024720198040514507e+00 1.018444266238973661e+00 9.996164708343502348e-01 9.881105958648581655e-01 9.891565844984484546e-01 9.867159443534047059e-01 9.902025731320386326e-01 9.908998988877654179e-01 9.912485617656288106e-01 9.895052473763118472e-01
9.945082024924309927e-01 1.006125466450749739e+00 1.008237696261352845e+00 1.007181581356051403e+00 1.004365274941913411e+00 1.010701964373723838e+00 1.017742730409068486e+00 9.945082024924309927e-01 9.779624023093711482e-01 9.786664789129054798e-01 9.744420192916988244e-01
1.008148435570919377e+00 1.010264912342586641e+00 1.009206673956753120e+00 1.006384704927863138e+00 1.012734135242865596e+00 1.019789057815090327e+00 9.965078133267485372e-01 9.799287452820203415e-01 9.806342375392427257e-01 9.764012839959079759e-01 9.788705068961865985e-01
1.013231444137833170e+00 1.012170098351376168e+00 1.009339842920823571e+00 1.015707917639566915e+00 1.022783556215948408e+00 9.994339489138893695e-01 9.828061982593928603e-01 9.835137621170310096e-01 9.792683789712021136e-01 9.817448524729356363e-01 9.753767777541921813e-01
1.016016193756880792e+00 1.013175183777833110e+00 1.019567456230690228e+00 1.026669981178309099e+00 1.003231648851166780e+00 9.865407152242623434e-01 9.872509677190242083e-01 9.829894527504529078e-01 9.854753364821194905e-01 9.790830640292624842e-01 9.737561703185483308e-01
1.017475035663338190e+00 1.023894436519258377e+00 1.031027104136947425e+00 1.007489300998573478e+00 9.907275320970043708e-01 9.914407988587732312e-01 9.871611982881598468e-01 9.896576319543509692e-01 9.832382310984308926e-01 9.778887303851641066e-01 9.764621968616263858e-01
1.001723103134498860e+00 1.008692958509999738e+00 1.008305744322471886e+00 1.005982459197305001e+00 1.011790672010222547e+00 1.004433602447193596e+00 9.999806392906236407e-01 9.959148903215813142e-01 9.835240363206908532e-01 9.796518944454124522e-01 9.769413951327177159e-01
1.011198882052675385e+00 1.010810705898336437e+00 1.008481648972303635e+00 1.014304291287386306e+00 1.006928944354948063e+00 1.002464918580051600e+00 9.983890689594937529e-01 9.859674320206509579e-01 9.820856704772625845e-01 9.793684373968907231e-01 9.801447897055683978e-01
1.013959464984521608e+00 1.011623152853221130e+00 1.017463933181472768e+00 1.010065611432353627e+00 1.005587679847360638e+00 1.001499133617584469e+00 9.890388022506471088e-01 9.851449486984792392e-01 9.824192512119617193e-01 9.831980219223952489e-01 9.870918754745632295e-01
1.014348462664714567e+00 1.020204978038067312e+00 1.012786725231820339e+00 1.008296730112249850e+00 1.004197169350902863e+00 9.917032698877501495e-01 9.877989263055149127e-01 9.850658857979502914e-01 9.858467545143972943e-01 9.897510980966325311e-01 9.905319668130795341e-01
1.022640549478504468e+00 1.015204586814864252e+00 1.010703872571082185e+00 1.006594524783281042e+00 9.940707981918871505e-01 9.901571336320765804e-01 9.874175684402092257e-01 9.882003013521712953e-01 9.921139659119818655e-01 9.928966988239439351e-01 9.991585621196409361e-01
1.017594099994115542e+00 1.013082792303316770e+00 1.008963772237804646e+00 9.964105682286251708e-01 9.924876919757565918e-01 9.897416785987486199e-01 9.905262538493222468e-01 9.944491301021908258e-01 9.952337053527645638e-01 1.001510307357354357e+00 9.948414177274776948e-01
9.854677565849226939e-01 9.921050792985396383e-01 9.914064137497379248e-01 9.964717389785507917e-01 1.007301054984978572e+00 1.010095717180185648e+00 1.006951722210577715e+00 1.008523719695381571e+00 1.003982393628169989e+00 9.976944036889540124e-01 9.980437364633547581e-01
9.908589770427743693e-01 9.901611890307724373e-01 9.952201521177865828e-01 1.006035866303816917e+00 1.008827018351824645e+00 1.005686972297815895e+00 1.007256995324820270e+00 1.002721373246807435e+00 9.964412811387900470e-01 9.967901751447909575e-01 9.999302211987998179e-01
9.892638036809816571e-01 9.943181818181818787e-01 1.005124093697713494e+00 1.007912716118237517e+00 1.004775515895147908e+00 1.006344116006692602e+00 1.001812604573340648e+00 9.955382041271613192e-01 9.958867819297266832e-01 9.990239821528166253e-01 9.856037367540435579e-01
1.025261818369417544e+00 1.004625887774930781e+00 1.003422125156919087e+00 1.003422125156919087e+00 9.999828033911712932e-01 9.894928720056405114e-01 9.915564650650892098e-01 9.884610754759161066e-01 1.002906226892056996e+00 9.908686007119397177e-01 9.999828033911712932e-01
9.903495453990193154e-01 9.971554717903077236e-01 1.020714447760152188e+00 1.008324171509344946e+00 1.011290857372214358e+00 1.003961398181596021e+00 9.999476467200670848e-01 9.908730781983491331e-01 9.886044360679197007e-01 9.887789470010297510e-01 9.901750344659092651e-01
1.013826501965188198e+00 1.016809376754632233e+00 1.009439921392476069e+00 1.005404267265581186e+00 9.962801796743402383e-01 9.939991577765301400e-01 9.941746209994386518e-01 9.955783267827064131e-01 9.904898933183605703e-01 9.839977540707467440e-01 9.825940482874789828e-01
1.019995071637272321e+00 1.012602527546027087e+00 1.008554229591297702e+00 9.994015559545179617e-01 9.971133875453231932e-01 9.972894004998766881e-01 9.986975041363042038e-01 9.935931284542540709e-01 9.870806491357760892e-01 9.856725454993485735e-01 9.891928045904176958e-01
9.988201460069314752e-01 9.958705110242607184e-01 1.012830912174618181e+00 1.008406459700611935e+00 1.004719415972273433e+00 9.966079197699284631e-01 9.995575547525993310e-01 9.916304107366712417e-01 9.936582847872574842e-01 9.978983850748468498e-01 9.955018066514267350e-01
1.013204485098849084e+00 1.008778400708173484e+00 1.005089997049277040e+00 9.969755089997049957e-01 9.999262319268221733e-01 9.919961640601946407e-01 9.940247860725878182e-01 9.982664502803185735e-01 9.958689879020359292e-01 9.958689879020359292e-01 1.008409560342283795e+00
1.003081890226005024e+00 1.005283240387437438e+00 1.004182565306721120e+00 1.003632227766363183e+00 1.006017023774581576e+00 1.010052832403874223e+00 9.990460815967124875e-01 9.984957440563542175e-01 9.854710889345463798e-01 9.847373055474021308e-01 9.807014969181095942e-01
1.007538150395293153e+00 1.006435006435006274e+00 1.005883434454862835e+00 1.008273579702150924e+00 1.012318440889869331e+00 1.001287001287001210e+00 1.000735429306857549e+00 9.876815591101304470e-01 9.869461298032724539e-01 9.829012686155541578e-01 9.849236992094133614e-01
1.008716162677133488e+00 1.008163340520021434e+00 1.010558903200840408e+00 1.014612932352995545e+00 1.003556489210754243e+00 1.003003667053642189e+00 9.899202093353236531e-01 9.891831131258407295e-01 9.851290839736858151e-01 9.871560985497633833e-01 9.884460169163580279e-01
1.010211053049467456e+00 1.012611481433609795e+00 1.016673744852927719e+00 1.005594844618424410e+00 1.005040899606699067e+00 9.919308676625369081e-01 9.911922743135698211e-01 9.871300108942520080e-01 9.891611426039110810e-01 9.904536809646029560e-01 9.882379009177024720e-01
1.014841407898145809e+00 1.018912617047263103e+00 1.007809319367852341e+00 1.007254154483881559e+00 9.941152522299123717e-01 9.933750323846181063e-01 9.893038232355010342e-01 9.913394278100596813e-01 9.926348125393241739e-01 9.904141530034421548e-01 9.791258003627077988e-01
1.035400585573596155e+00 1.017148941024373698e+00 9.992775390699268900e-01 9.901517167953155507e-01 9.829271074945816755e-01 9.901517167953155507e-01 9.939541427430701459e-01 9.992775390699268900e-01 9.950948705273966466e-01 9.966158409064985735e-01 9.977565686908248521e-01
1.020992366412213803e+00 1.003053435114503955e+00 9.938931297709923118e-01 9.866412213740457515e-01 9.938931297709923118e-01 9.977099236641220337e-01 1.003053435114503955e+00 9.988549618320610168e-01 1.000381679389312994e+00 1.001526717557251756e+00 9.969465648854961559e-01
1.005471171136702813e+00 9.962887860121665273e-01 9.890193977885756160e-01 9.962887860121665273e-01 1.000114779814056609e+00 1.005471171136702813e+00 1.001262577954623589e+00 1.002792975475379711e+00 1.003940773615946691e+00 9.993495810536786594e-01 9.939931897310326780e-01
9.974336384877617867e-01 9.901558968858926724e-01 9.974336384877617867e-01 1.001264028804535133e+00 1.006626575248017907e+00 1.002413145899567093e+00 1.003945302026276520e+00 1.005094419121308480e+00 1.000497950741180420e+00 9.951354042976979786e-01 9.913050139809247430e-01
9.907630983864166296e-01 9.980453029780381735e-01 1.001878042236786559e+00 1.007243877199034188e+00 1.003027864014411019e+00 1.004560959717910373e+00 1.005710781495534611e+00 1.001111494385036771e+00 9.957456594227893643e-01 9.919129201640412008e-01 9.876969069794180323e-01
9.959500935292303625e-01 9.924995005720722574e-01 9.875960263697947106e-01 9.870511959028751559e-01 9.903201787043932613e-01 9.912282294825928153e-01 9.861431451246756019e-01 1.038810090260247510e+00 1.009752465357863116e+00 1.020649074696257319e+00 1.036267548081289069e+00
9.885140634891923517e-01 9.836302794609748101e-01 9.830876367911729474e-01 9.863434928099844567e-01 9.872478972596544500e-01 9.821832323415030652e-01 1.034638690422356788e+00 1.005697748032920336e+00 1.016550601428958922e+00 1.032106357963281207e+00 1.046215067378131414e+00
1.014155106075046664e+00 1.006389212467789118e+00 1.003565251156059102e+00 1.014155106075046664e+00 1.003212255992092850e+00 1.000035299516396581e+00 9.965053478767340600e-01 9.938578841469871694e-01 9.848565074658476304e-01 9.832680292279994960e-01 9.855624977937801345e-01
1.009274992919852787e+00 1.006442934013027424e+00 1.017063154913622203e+00 1.006088926649674198e+00 1.002902860379495831e+00 9.993627867459642378e-01 9.967077315208155985e-01 9.876805437553100031e-01 9.860875106202209306e-01 9.883885584820163439e-01 9.869725290286037733e-01
1.008692566968245385e+00 1.019336526521199104e+00 1.008337768316480254e+00 1.005144580450594294e+00 1.001596593932942980e+00 9.989356040447046059e-01 9.898882384246938670e-01 9.882916444917508869e-01 9.905978357282241298e-01 9.891786411211637153e-01 9.991130033705871716e-01
1.020313942751615910e+00 1.009304638113502461e+00 1.006108388379856722e+00 1.002556999786916814e+00 9.998934583422118827e-01 9.908374174302152504e-01 9.892392925633923806e-01 9.915476951488031432e-01 9.901271397116273576e-01 1.000071027771858967e+00 1.000781305490446860e+00
1.011279934526563062e+00 1.008077429455930041e+00 1.004519090488560140e+00 1.001850336263032659e+00 9.927765718962389130e-01 9.911753193609225132e-01 9.934882396897128931e-01 9.920649041027649329e-01 1.002028253211401099e+00 1.002739921004875079e+00 1.003807422695086160e+00
1.008831279823374283e+00 1.005270279894594276e+00 1.002599529948009272e+00 9.935189801296202550e-01 9.919165301616692521e-01 9.942311801153761452e-01 9.928067801438642537e-01 1.002777579944448272e+00 1.003489779930204273e+00 1.004558079908838275e+00 1.018445979631080300e+00
1.011848786909911757e+00 1.007460347313648086e+00 1.009341107140618199e+00 1.009811297097360727e+00 9.968027082941508521e-01 1.002444987775061191e+00 9.924142686978874028e-01 9.921008087267256803e-01 9.958623283806657955e-01 9.819133596639709749e-01 9.852046893611686729e-01
1.010151805638495048e+00 1.012037589967627271e+00 1.012509036049910272e+00 9.994656944400791554e-01 1.005123047427475935e+00 9.950655310054373759e-01 9.947512336172485981e-01 9.985228022755130439e-01 9.845365685011157053e-01 9.878366910770971510e-01 9.780934720432472584e-01
1.035364137011335339e+00 1.038451090311905745e+00 1.034623268219198255e+00 1.003877213345516495e+00 9.890598375027782607e-01 9.847381028819796045e-01 9.881954905786184407e-01 9.877015780505271625e-01 9.748598523201540411e-01 9.631294297779863234e-01 9.730076803398117757e-01
1.006482209363763980e+00 1.000038661288451758e+00 1.007255435132801580e+00 1.014214467054138646e+00 1.007770918978826424e+00 9.890846295604210914e-01 9.941105970591646024e-01 9.915331778290397136e-01 9.871515651378274248e-01 1.002358338595564113e+00 9.910176939830147580e-01
1.010844404186795442e+00 1.012228260869565188e+00 1.007699275362318847e+00 9.860607890499194506e-01 9.913446054750402192e-01 9.958735909822866716e-01 1.000276771336553905e+00 1.000025161030595688e+00 9.856833735909822369e-01 1.009963768115941907e+00 1.023424919484702045e+00
1.010697709052098547e+00 1.009953088932462828e+00 9.977909603117476323e-01 1.004616644741741061e+00 1.002630991089379142e+00 1.008215641986646594e+00 1.006974608453920395e+00 9.922063094144804030e-01 9.872421752835761621e-01 9.796718707339472365e-01 9.672615354066866900e-01
1.014359076631599965e+00 1.002143889913745811e+00 1.008999351847235326e+00 1.007005035648402158e+00 1.012614049957620832e+00 1.011367602333349991e+00 9.965348756045271372e-01 9.915490851074437728e-01 9.839457545993917087e-01 9.714812783566834087e-01 9.728523707433813783e-01
1.006320796044808841e+00 1.013204831341135259e+00 1.011202202891294810e+00 1.016834595406470809e+00 1.015582952625320612e+00 1.000688403529632620e+00 9.956818324050314972e-01 9.880468114400149382e-01 9.755303836285122987e-01 9.769071906877776490e-01 9.706489767820263292e-01
1.016832056274337370e+00 1.014822258510237329e+00 1.020474814721768597e+00 1.019218691119206044e+00 1.004270820248712504e+00 9.992463258384625124e-01 9.915839718628312038e-01 9.790227358372063371e-01 9.804044718000251013e-01 9.741238537872126679e-01 9.770129380731062962e-01
1.018879346222238969e+00 1.024554500397260703e+00 1.023293355025033602e+00 1.008285725095531715e+00 1.003241143606623531e+00 9.955481568360383671e-01 9.829367031137677957e-01 9.843239630232175630e-01 9.780182361620822773e-01 9.809188705182044776e-01 9.786488088481958281e-01
1.028692987565527961e+00 1.027426748043659854e+00 1.012358497733431228e+00 1.007293539645959468e+00 9.995694785625648393e-01 9.869070833438853274e-01 9.882999468179400893e-01 9.819687492086003333e-01 9.848811001088965122e-01 9.826018689695342756e-01 9.901993061007420271e-01
9.860578123935602735e-01 9.996820999568564181e-01 9.996820999568564181e-01 1.003655850496151247e+00 1.011603351574740683e+00 1.000930992983491974e+00 1.000249778605327045e+00 1.006607779468198682e+00 9.946865278503145280e-01 9.968437067145030639e-01 9.789050614228298475e-01
1.000397659489859814e+00 1.000397659489859814e+00 1.004374254388456622e+00 1.012327444185650238e+00 1.001647446457990087e+00 1.000965744475373453e+00 1.007328296313128480e+00 9.953985116173380554e-01 9.975572345622905068e-01 9.796057490200534845e-01 9.700619212634209454e-01
1.003441673884305274e+00 1.007430368783334140e+00 1.015407758581392317e+00 1.004695263709714403e+00 1.004011487441309303e+00 1.010393399279755799e+00 9.984273145826686457e-01 1.000592606099284465e+00 9.825864976979533649e-01 9.730136299402836197e-01 9.675434197930438129e-01
1.011059897292784227e+00 1.019066027701211352e+00 1.008314938295609364e+00 1.007628698546315649e+00 1.014033602873057216e+00 1.002024407260416750e+00 1.004197499799846849e+00 9.861265197351115619e-01 9.765191632449990999e-01 9.710292452506491534e-01 9.714867384168449638e-01
1.023114816218264611e+00 1.012321012321012459e+00 1.011632046114804950e+00 1.018062397372742289e+00 1.006005488764109668e+00 1.008187215083766963e+00 9.900444383203005350e-01 9.803989114333943045e-01 9.748871817837336806e-01 9.753464925878719827e-01 9.771837358044256350e-01
1.016992167222305454e+00 1.016300021917934560e+00 1.022760044758729503e+00 1.010647501932238956e+00 1.012839295396080086e+00 9.946128023809797103e-01 9.849227681197870732e-01 9.793856056848199154e-01 9.798470358877339192e-01 9.816927566993896015e-01 9.816927566993896015e-01
1.019900209536819480e+00 1.026383116657598293e+00 1.014227665806137990e+00 1.016427223579259298e+00 9.981361642027760661e-01 9.884118035216076237e-01 9.828550259895114660e-01 9.833180907838527940e-01 9.851703499612182169e-01 9.851703499612182169e-01 9.863280119470716478e-01
1.029840517591850357e+00 1.017644120755944126e+00 1.019851087802441603e+00 1.001498414468411369e+00 9.917412969996862726e-01 9.861658013032720271e-01 9.866304259446398994e-01 9.884889245101112776e-01 9.884889245101112776e-01 9.896504861135309028e-01 9.896504861135309028e-01
1.007780488927765505e+00 1.015146632291330731e+00 1.013305096450439535e+00 1.011118272639381033e+00 1.003061553335481637e+00 1.006169145066985848e+00 1.001335113484645989e+00 9.836103310160672075e-01 9.836103310160672075e-01 9.748630357718335304e-01 9.742875558215550180e-01
1.018558082062060555e+00 1.016710357650156604e+00 1.014516184911020691e+00 1.006432390608940741e+00 1.009550425554028630e+00 1.004700148972780704e+00 9.869158015082051261e-01 9.869158015082051261e-01 9.781391105516612505e-01 9.775616966729412383e-01 9.798713521878212873e-01
1.020658953372440836e+00 1.018456259129588037e+00 1.010341069813814441e+00 1.013471214264184406e+00 1.008602100674720115e+00 9.907486841800181576e-01 9.907486841800181576e-01 9.819379072086068527e-01 9.813582508289087070e-01 9.836768763477011790e-01 9.800830067935728529e-01
1.022605578060250542e+00 1.014457326442240515e+00 1.017600223494901757e+00 1.012711272524095651e+00 9.947851189644737468e-01 9.947851189644737468e-01 9.859384457792057521e-01 9.853564278064907977e-01 9.876844996973507262e-01 9.840759882665177649e-01 9.905945895609257201e-01
1.017715133184636800e+00 1.020868123270234795e+00 1.015963472025971370e+00 9.979797507970059600e-01 9.979797507970059600e-01 9.891046675931008947e-01 9.885207805402124182e-01 9.908563287517663243e-01 9.872362290238576588e-01 9.937757640162088180e-01 9.961113122277627241e-01
1.023078363449115402e+00 1.018163093343320114e+00 1.000140436288737167e+00 1.000140436288737167e+00 9.912461380020598511e-01 9.906609867989889517e-01 9.930015916112724383e-01 9.893736541522329953e-01 9.959273476266268244e-01 9.982679524389103110e-01 9.926505008894299653e-01
1.006609307121486330e+00 9.971432918068258155e-01 9.962981118680167558e-01 1.012187494717625480e+00 9.996788316232526617e-01 9.826061968593113871e-01 9.864940245778327510e-01 9.988336516844437130e-01 1.007116415084771566e+00 1.013032674656434429e+00 1.020977366081238902e+00
9.957126460063464579e-01 9.948686786847611430e-01 1.010735264330564931e+00 9.982445479711024028e-01 9.811964080750791295e-01 9.850786577543716449e-01 9.974005806495170878e-01 1.005671460401053041e+00 1.011579231652150357e+00 1.019512524475052251e+00 1.023057187225710596e+00
1.013509187528010891e+00 1.005506114347909596e+00 1.001344516294257136e+00 9.930213201869517725e-01 9.957423650681862526e-01 9.894999679877073406e-01 9.947819962865740440e-01 9.959024265317882874e-01 1.002785069466675116e+00 1.007907036301940007e+00 1.009587681669761094e+00
1.000215839415474761e+00 9.919020248934791173e-01 9.946200027179777914e-01 9.883846418264811140e-01 9.936607164269782855e-01 9.947798837664777460e-01 1.001654768851974131e+00 1.006770962403971570e+00 1.008449713413220428e+00 1.019561446283964834e+00 1.024517758787462096e+00
9.894973563960859364e-01 9.922087450257980334e-01 9.859885005223411047e-01 9.912517843329584633e-01 9.923682384746047580e-01 9.992264567732880298e-01 1.004330247135098997e+00 1.006004928347568050e+00 1.017089723039626303e+00 1.022034019952630324e+00 1.019960605118144681e+00
9.814371777561962107e-01 9.825425776346022877e-01 9.893328911733819675e-01 9.943861477603809229e-01 9.960442475779899274e-01 1.007019289227878200e+00 1.011914631546533272e+00 1.009861746058065002e+00 1.004492660934378723e+00 1.022968630330593376e+00 1.019020773622000497e+00
1.017602582110516574e+00 1.018798003646035566e+00 1.008487492902184535e+00 9.881653267983621092e-01 9.877170437225426536e-01 9.933952960162576451e-01 9.907055975613400234e-01 9.965332775469949445e-01 9.930964406323780080e-01 1.005498939063387054e+00 1.003406951376228928e+00
1.020246307630149341e+00 1.009921139659119893e+00 9.895700839481047506e-01 9.891211636015383446e-01 9.948074879913806345e-01 9.921139659119817544e-01 9.979499304173462537e-01 9.945082077603364379e-01 1.006928337348676372e+00 1.004833375731366107e+00 1.005581576308977043e+00
1.011404336944956572e+00 9.910233931274258223e-01 9.905738134843921072e-01 9.962684889628197205e-01 9.935710111046172077e-01 9.994155464640561704e-01 9.959687692007973547e-01 1.008407139324731361e+00 1.006309100990573802e+00 1.007058400395630215e+00 1.010355317777877904e+00
9.911273642876411438e-01 9.906777374778933387e-01 9.963730104013667210e-01 9.936752495428793353e-01 9.995203980696021340e-01 9.960732591948682213e-01 1.008512934264560235e+00 1.006414675819070181e+00 1.007164053835316597e+00 1.010461317106801316e+00 9.909774886843919495e-01
9.906925855427827221e-01 9.963879438257819965e-01 9.936901425338350302e-01 9.995353786663869755e-01 9.960881881266768767e-01 1.008528049639543900e+00 1.006429759745807173e+00 1.007179148993570417e+00 1.010476461683727845e+00 9.909923412418880639e-01 1.007778660391780878e+00
9.946884117603050912e-01 9.919952120894740544e-01 9.978304780429415599e-01 9.943891673524350994e-01 1.006807810279045423e+00 1.004713099423954370e+00 1.005461210443629794e+00 1.008752898930201258e+00 9.893020124186429065e-01 1.006059699259369999e+00 1.000972544325577918e+00
9.913722206438686513e-01 9.972038219417737048e-01 9.937646724583938385e-01 1.006175516246243129e+00 1.004082120908533549e+00 1.004829762100572621e+00 1.008119383345544851e+00 9.886807123525278573e-01 1.005427875054204057e+00 1.000343914948337964e+00 1.000044858471522247e+00
9.963397325763798662e-01 9.929035631582877608e-01 1.005303652797489899e+00 1.003212071412564299e+00 1.003959064764323283e+00 1.007245835512063703e+00 9.878240083663254456e-01 1.004556659445730693e+00 9.994771046537683779e-01 9.991783073130646731e-01 9.967879285874354789e-01
9.928590636111028767e-01 1.005258597508141838e+00 1.003167109862858064e+00 1.003914069736173698e+00 1.007200693178762485e+00 9.877797364725567908e-01 1.004511637634826204e+00 9.994323104962801185e-01 9.991335265469538651e-01 9.967432549523440599e-01 9.746332427022019740e-01
1.007094109195402210e+00 1.004998802681992487e+00 1.005747126436781658e+00 1.009039750957854586e+00 9.895833333333334814e-01 1.006345785440613039e+00 1.001257183908045967e+00 1.000957854406130165e+00 9.985632183908047521e-01 9.764128352490422103e-01 9.831477490421456356e-01
1.007411185789726549e+00 1.008161305808929598e+00 1.011461833893423146e+00 9.919587133941432100e-01 1.008761401824291859e+00 1.003660585693711083e+00 1.003360537686029730e+00 1.000960153624580018e+00 9.787566010561690177e-01 9.855076812289966792e-01 9.868578972635622115e-01
1.033237559672208095e+00 1.037597683544445371e+00 1.011548738359028254e+00 1.006294230102742437e+00 9.797980927253009398e-01 9.904189072858787801e-01 9.947790311581159450e-01 9.842700146455442001e-01 9.811955683253770211e-01 9.808601741813587349e-01 1.007691705702818519e+00
1.040255104042322909e+00 1.014139444173573823e+00 1.008871478448976289e+00 9.823074810717506988e-01 9.929554968980647267e-01 9.973267876057094750e-01 9.867908561565145176e-01 9.837085357857394685e-01 9.833722826543821460e-01 1.010272533162964947e+00 9.996805595252105103e-01
1.018271032507469975e+00 1.012981605172384780e+00 9.863093864826997237e-01 9.970007821599995435e-01 1.001389881438049079e+00 9.908110267678785776e-01 9.877161490718180392e-01 9.873785260504297501e-01 1.014388367761503096e+00 1.003753242587767991e+00 9.749990152661877074e-01
1.017384031105886821e+00 9.905958947463604503e-01 1.001333755312415308e+00 1.005741929650058930e+00 9.951170991952257294e-01 9.920087711366308847e-01 9.916696808029660248e-01 1.018796907496157145e+00 1.008115561985713171e+00 9.792363685685867569e-01 9.941563432498418118e-01
9.929021769300924172e-01 1.003665037131867610e+00 1.008083474477859731e+00 9.974339075413661826e-01 9.943183427461155244e-01 9.939784629502700364e-01 1.021168846617912962e+00 1.010462633048778480e+00 9.815162037692669594e-01 9.964709147864705407e-01 9.832722493811355546e-01
1.004632490941977707e+00 1.009055187312531521e+00 9.983953550347862693e-01 9.952767870811904949e-01 9.949365796680710305e-01 1.022153172717633618e+00 1.011436639204368326e+00 9.824623078536882659e-01 9.974314340309475835e-01 9.842200461548057389e-01 9.868283029887222613e-01
1.010854932433583597e+00 1.000176087339320175e+00 9.970519571255728186e-01 9.967111429204368322e-01 1.023976279331322514e+00 1.013240631869536168e+00 9.842146220654476307e-01 9.992104470914345837e-01 9.859754954586505971e-01 9.885884043646938624e-01 1.001198529954728356e+00
1.001142831150961809e+00 9.980156812353948581e-01 9.976745376082422068e-01 1.024966027780462863e+00 1.014220003525150959e+00 9.851659379459744015e-01 1.000176257540695612e+00 9.869285133529303033e-01 9.895439478277681111e-01 1.002166262032420097e+00 1.002848549286725621e+00
1.024428955903664340e+00 1.012812550318588523e+00 1.007176868401076453e+00 1.010282244151542219e+00 1.038863202447496192e+00 1.000563568191751296e+00 9.991834011915441405e-01 9.603662043107215052e-01 9.601361764773537200e-01 9.861868286062613898e-01 1.019713385319623633e+00
1.013290374546919059e+00 1.007652033830044314e+00 1.010758874633220117e+00 1.039353316840227803e+00 1.001035613601058749e+00 9.996547954663138613e-01 9.608192854266153216e-01 9.605891490708244884e-01 9.866520913641333435e-01 1.020194465220643387e+00 1.043093032621828398e+00
1.008526767316187067e+00 9.693465907441911611e-01 9.691144119200607587e-01 9.954086637528225534e-01 1.029248727369820315e+00 1.052350520370789688e+00 1.058154990974048193e+00 9.837416778402725548e-01 9.644708354374539327e-01 9.696368142743541085e-01 9.844382143126636509e-01
9.716872447139051072e-01 9.714545052540933812e-01 9.978122490777699971e-01 1.031734025345327321e+00 1.054891601596592787e+00 1.060710088091885606e+00 9.861170912222313456e-01 9.667997160578590821e-01 9.719781690386697370e-01 9.868153096016665238e-01 9.361944770926187154e-01
9.749147475124958495e-01 1.001366375484654681e+00 1.035408978371560762e+00 1.058649040033633915e+00 1.064488251506516603e+00 9.896295604241602817e-01 9.702433783341897211e-01 9.754402765450553847e-01 9.903302658009063286e-01 9.395291259868268074e-01 9.129023216704816868e-01
1.007614839536058904e+00 1.041869866152743240e+00 1.065254944357615363e+00 1.071130592147784277e+00 9.958047874778194197e-01 9.762976368144586914e-01 9.815269633477090583e-01 9.965098652126396228e-01 9.453917294381705139e-01 9.185987755150005762e-01 9.342279986368496880e-01
1.049572346029773007e+00 1.073130308680339651e+00 1.079049394773446968e+00 1.003166711059812366e+00 9.835153452306962807e-01 9.887833318535618199e-01 1.003877001390985235e+00 9.523809523809523281e-01 9.253899197963835199e-01 9.411346888040486025e-01 9.116576400603746411e-01
1.088137322569996623e+00 1.094139183146775496e+00 1.017195330552471244e+00 9.972691534375655031e-01 1.002610809350898746e+00 1.017915553821684638e+00 9.656993668037090472e-01 9.383308825735978687e-01 9.542958317078293895e-01 9.244065660354710001e-01 8.734507697386189040e-01
1.118144236313006967e+00 1.039512260945301136e+00 1.019148910070045044e+00 1.024607760154074620e+00 1.040248285675732021e+00 9.868864927194888059e-01 9.589175529631129846e-01 9.752327678209988804e-01 9.446877415081147422e-01 8.926139918301255749e-01 8.832296765171310238e-01
1.023860239497377478e+00 1.030005787554966634e+00 1.003514298840698871e+00 1.022189605073955398e+00 1.017237367318810648e+00 9.788127755800978269e-01 9.798270893371756607e-01 9.669990035858974098e-01 9.729655550981198830e-01 1.004588278112898969e+00 9.968914266621319298e-01
1.032791102549222462e+00 1.006227976236770738e+00 1.024953783749827929e+00 1.019988154281509241e+00 9.814596557562412782e-01 9.824767123943306535e-01 9.696139372655533384e-01 9.755966233719614022e-01 1.007304859735924207e+00 9.995871946586576406e-01 1.023996553972802426e+00
1.007113687261230517e+00 1.025855977772721417e+00 1.020885977413444445e+00 9.823235649872458231e-01 9.833415168680615936e-01 9.704674195518617763e-01 9.764553717919547404e-01 1.008191518664447228e+00 1.000467060274727427e+00 1.024897905414306587e+00 1.023400917354283290e+00
1.011953280710149894e+00 1.029780654932503037e+00 1.004748707646839101e+00 9.992269545691190302e-01 1.003118475785798047e+00 1.003013299536698488e+00 1.003381416408546611e+00 9.864480403035384981e-01 9.758778272690460387e-01 9.824513428377603663e-01 9.869739215490357376e-01
1.032359422612583177e+00 1.007264790544173838e+00 1.001729209940848131e+00 1.005630476270811036e+00 1.005525036640271486e+00 1.005894075347159911e+00 9.889182948302948084e-01 9.783216119610715911e-01 9.849115888697925758e-01 9.894454929829924472e-01 9.830663953353506734e-01
1.012254499409262154e+00 1.006691497083397335e+00 1.010612089198768659e+00 1.010506127249704678e+00 1.010876994071428836e+00 9.938171202721102215e-01 9.831679443911691685e-01 9.897905662076748046e-01 9.943469300174306857e-01 9.879362320990532353e-01 9.889428706151620618e-01
1.009043742399379884e+00 1.012973495409092761e+00 1.012867285868289668e+00 1.013239019261100271e+00 9.961392831918092217e-01 9.854652243411027301e-01 9.921033206412933625e-01 9.966703308958244634e-01 9.902446536772400165e-01 9.912536443148689536e-01 9.791457566633211540e-01
1.016011164138401313e+00 1.015904636100221747e+00 1.016277484233850448e+00 9.991264700869268989e-01 9.884204022498722653e-01 9.950784046361003110e-01 9.996591102778251692e-01 9.932141639679564760e-01 9.942261803306631229e-01 9.820819839781831373e-01 9.855441452190216722e-01
1.019009253520825720e+00 1.019383241083067881e+00 1.002179813219925997e+00 9.914410275041138920e-01 9.981193768298677327e-01 1.002714081165986260e+00 9.962494390186567017e-01 9.972645481161711567e-01 9.850832389459961425e-01 9.885559805953881840e-01 9.949137691535058226e-01
1.016603119676842804e+00 1.010178523467176070e+00 1.012444978241141991e+00 1.002629622920817809e+00 1.000862858963159407e+00 9.885222804104245586e-01 9.902801213177917505e-01 9.832755268391968340e-01 9.891468939308089015e-01 1.006056074232640096e+00 1.000113322738698240e+00
1.011847038687217593e+00 1.014117236972056135e+00 1.004285669596771680e+00 1.002515987469220438e+00 9.901550259419310551e-01 9.919157702809593413e-01 9.848996062904156190e-01 9.907806711385401810e-01 1.007717780389598250e+00 1.001765213233289709e+00 1.007297704329017884e+00
1.014578802792720724e+00 1.004742760672999946e+00 1.002972273091450317e+00 9.906056855900193803e-01 9.923672313150966318e-01 9.853478739842050915e-01 9.912316155430925813e-01 1.008176433558429563e+00 1.002221157147762387e+00 1.007756166304223377e+00 9.899976393498913785e-01
1.007218621228106903e+00 1.005443770857853414e+00 9.930467099383553098e-01 9.948125964178499148e-01 9.877759421721480360e-01 9.936741822914751943e-01 1.010660755279507494e+00 1.004690804034109375e+00 1.010239452413841388e+00 9.924371653667531934e-01 9.877759421721480360e-01
1.007402431072607074e+00 9.949812199910543775e-01 9.967505465153246869e-01 9.897001844769888201e-01 9.956099146951098433e-01 1.012629578469182112e+00 1.006647997427740249e+00 1.012207454882173563e+00 9.943704879928292328e-01 9.897001844769888201e-01 9.923137581752763392e-01
9.964847832852703480e-01 9.982567835227363906e-01 9.911957673480622510e-01 9.971144280396999626e-01 1.014159811034614167e+00 1.008169190942470150e+00 1.013737049556640013e+00 9.958731283809675316e-01 9.911957673480622510e-01 9.938132905414763796e-01 9.771187096240300241e-01
1.000193766137790208e+00 9.931190490138205318e-01 9.990491940680523708e-01 1.016127651329100434e+00 1.010125407246853513e+00 1.015704069539512533e+00 9.978054858347941147e-01 9.931190490138205318e-01 9.957416511578651708e-01 9.790146766583902593e-01 9.833135812037833157e-01
9.947982869193436883e-01 1.000738459094060451e+00 1.017845793852553804e+00 1.011833400739542421e+00 1.017421495840074019e+00 9.994926479084816906e-01 9.947982869193436883e-01 9.974253235498035108e-01 9.806700658654956548e-01 9.849762393113010717e-01 9.994113993529003537e-01
1.000277020058237376e+00 1.017376466649762889e+00 1.011366845842398110e+00 1.016952364280474308e+00 9.990317833143691484e-01 9.943395868881985677e-01 9.969654121959208304e-01 9.802178803363582604e-01 9.845220682119031341e-01 9.989505722223775974e-01 1.001413975346117091e+00
1.005267894353586877e+00 1.016900540872265335e+00 1.018909920265993918e+00 1.013906508328333844e+00 1.011645240919437194e+00 1.021875329171838098e+00 9.692708070949985766e-01 9.860671579246260698e-01 9.794436480712249704e-01 9.767129529976965596e-01 9.568710470755802389e-01
1.021845953125772866e+00 1.023865104575937934e+00 1.018837359939344767e+00 1.016565095486880121e+00 1.026844934921195440e+00 9.739845854181600204e-01 9.908626206169743877e-01 9.842068991701344860e-01 9.814629241224744893e-01 9.615245226231250442e-01 9.692502217615054372e-01
1.029278671023952541e+00 1.024224342778295993e+00 1.021940063994503989e+00 1.032274256872064866e+00 9.791344144815179451e-01 9.961016903084701779e-01 9.894107775164512342e-01 9.866522940231123862e-01 9.666084705683690714e-01 9.743750184332623521e-01 9.831825034654533280e-01
1.010485290435614525e+00 1.014319011823971106e+00 1.014237841827149378e+00 1.016916451722271519e+00 1.010710068888352131e+00 1.003417256866201424e+00 9.776926117195740007e-01 9.809081923629024979e-01 9.895184558719313239e-01 9.817948184820338708e-01 9.832558784248276451e-01
1.017088483962094170e+00 1.017007092340672880e+00 1.019693015847574991e+00 1.013469687255825313e+00 1.006156963115821590e+00 9.803620800192335283e-01 9.835864404063070499e-01 9.922202131709174644e-01 9.844754873479856228e-01 9.859405365335685012e-01 9.735251838198466512e-01
1.021456895673532372e+00 1.024154571145059478e+00 1.017904013059516055e+00 1.010559292894612105e+00 9.846515471074503978e-01 9.878900153308456389e-01 9.965615642241698602e-01 9.887829522002090643e-01 9.902544115483147280e-01 9.777847368162901898e-01 1.004308734809068682e+00
1.007595081363450440e+00 1.002874939212643035e+00 9.935899227449366267e-01 9.870997272875765560e-01 9.956953545727309507e-01 1.000452761003676194e+00 1.001148360899584588e+00 1.001415421573906617e+00 1.004061185463701378e+00 1.006067245877794392e+00 9.998068468146182886e-01
9.953201660899310133e-01 9.888186685679658527e-01 9.974292643291139404e-01 1.002194955335645288e+00 1.002891766553310582e+00 1.003159292288664073e+00 1.005809663527283293e+00 1.007819217306799908e+00 1.001547916347813372e+00 9.950090896534733442e-01 9.974852580876762964e-01
1.010465255352230640e+00 1.011810788183231669e+00 1.008282502093051036e+00 9.974883387154646064e-01 9.915560339672286894e-01 9.902523621576366786e-01 9.948869752421959367e-01 1.002200693696926326e+00 9.947972730534624386e-01 9.982597775385718686e-01 1.001136227723956384e+00
1.012755590671838402e+00 1.009224009960254742e+00 9.984197672748169605e-01 9.924819230953407789e-01 9.911770339510608263e-01 9.958159747162764752e-01 1.003136522530287955e+00 9.957261887659819566e-01 9.991919264473495543e-01 1.002071062586793015e+00 1.001083417133553644e+00
1.010403370308445403e+00 9.995865019865882717e-01 9.936417189531907557e-01 9.923353049398031533e-01 9.969796666846448829e-01 1.004308769154246717e+00 9.968897758121639807e-01 1.000359563489923165e+00 1.003242064134141076e+00 1.002253264536852262e+00 1.005519299570321712e+00
1.000074945664393145e+00 9.941272577381394804e-01 9.928202053511202552e-01 9.974668365435057638e-01 1.004799520347747777e+00 9.973769017462337239e-01 1.000848384920931977e+00 1.003732294086786769e+00 1.002743011316794997e+00 1.006010642284343559e+00 1.002383272127707059e+00
1.011586135901290318e+00 1.009270544736528885e+00 1.007206648263589521e+00 1.009685840978034932e+00 1.004217773798204982e+00 1.002871207196957881e+00 1.006149530557937766e+00 9.911611116599452487e-01 9.800487910160095018e-01 9.778024158914992991e-01 9.938668295970303213e-01
1.011062076599317461e+00 1.008994516553402665e+00 1.011478110023190657e+00 1.006000336608861234e+00 1.004651379749636142e+00 1.007935522383543780e+00 9.929204979037589140e-01 9.817884520467898835e-01 9.795380894358397539e-01 9.956310186956595087e-01 9.917543436095689335e-01
1.010946424917327002e+00 1.013434822919534906e+00 1.007946452706543372e+00 1.006594886278947998e+00 1.009885382114354968e+00 9.948413109436459179e-01 9.836877300505004751e-01 9.814330140941851521e-01 9.975570752607764158e-01 9.936729007141826830e-01 1.001074937411105870e+00
1.014436222369032414e+00 1.008942428964745508e+00 1.007589527021687470e+00 1.010883274275581112e+00 9.958243376944401204e-01 9.846597356783632904e-01 9.824027917827011791e-01 9.985427855239491501e-01 9.946547729305814656e-01 1.002064123758917846e+00 9.850074441216726262e-01
9.624227167816696848e-01 9.810110498558972658e-01 9.818780569474174769e-01 9.984259336769469861e-01 9.877079322179833643e-01 9.980746463209000385e-01 1.019607813826670206e+00 1.024436146422549321e+00 1.025235885722485918e+00 1.021199818227478628e+00 1.027448248645675077e+00
9.746731856269994498e-01 9.755345913817839998e-01 9.919755598394814911e-01 9.813268024915419163e-01 9.916265419905601064e-01 1.013020593538268788e+00 1.017817732483017101e+00 1.018612305032688958e+00 1.014602312725933375e+00 1.020810374889725258e+00 1.037488972521156461e+00
1.036448123672132571e+00 1.021540795605272667e+00 1.002965325789677564e+00 1.019846114117356928e+00 1.016882255584378836e+00 1.000045484957684305e+00 1.001424706255208630e+00 9.690643597478665328e-01 9.720575634148344024e-01 9.597252708555866763e-01 9.613612620755225269e-01
1.029269255417994300e+00 1.010553253014185637e+00 1.027561752829021291e+00 1.024575471244843161e+00 1.007611322146604316e+00 1.009000977933300902e+00 9.763958094486244743e-01 9.794116581772003283e-01 9.669860657440239038e-01 9.686344340442014644e-01 1.008720090061521857e+00
1.012634131635845147e+00 1.029677654467573422e+00 1.026685223687904269e+00 1.009686142897458394e+00 1.011078660190967593e+00 9.784063528416613309e-01 9.814284116488516396e-01 9.689772330829519165e-01 9.706289956172742261e-01 1.010797193929513504e+00 1.011123102232249771e+00
1.031769662503163598e+00 1.014686397403641527e+00 1.016085810840988035e+00 9.832517008828216554e-01 9.862887257894032977e-01 9.737758854267468678e-01 9.754358279614716576e-01 1.015802950678120098e+00 1.016130472971967125e+00 9.867725655416773600e-01 9.839886260439775212e-01
1.004046259405811492e+00 9.991852965717340496e-01 9.989202908097515321e-01 9.990187215213450767e-01 9.988521464709561037e-01 1.005886156553289501e+00 1.011314988877329624e+00 1.012935309822021956e+00 9.895920879879701593e-01 9.802487419797899504e-01 9.832395212935913786e-01
1.001268609946448507e+00 1.001003051644261177e+00 1.001101687585073563e+00 1.000934765223698841e+00 1.007983441301751659e+00 1.013423592806556917e+00 1.015047292139929613e+00 9.916553994072739853e-01 9.822925724101617684e-01 9.852895875348450794e-01 1.001283784706573421e+00
1.006251173466609306e+00 1.013712592322866479e+00 1.014850499337981882e+00 1.008657034012853559e+00 1.001480091910375236e+00 1.000309673266256416e+00 9.966439870961345537e-01 9.986271964653358202e-01 9.850698471709600224e-01 9.743979049506270584e-01 9.520299041963572462e-01
1.019239035743647381e+00 1.020383146271262031e+00 1.014155916113816280e+00 1.006939847571789004e+00 1.005763048171956608e+00 1.002077377829426297e+00 1.004071399034697665e+00 9.904401393199735448e-01 9.797100170145579545e-01 9.572200729288738996e-01 9.540574245418247390e-01
1.027077804886475265e+00 1.020809718330945026e+00 1.013546305695074867e+00 1.012361785401116432e+00 1.008651933647121579e+00 1.010659037478551125e+00 9.969383440735324342e-01 9.861378222265361204e-01 9.635003232753301949e-01 9.603169249853169553e-01 9.614685419377764219e-01
1.027551407378948234e+00 1.020240025304171905e+00 1.019047682134559318e+00 1.015313329568620304e+00 1.017333688828241378e+00 1.003522380446896900e+00 9.926505291850831192e-01 9.698635263880448498e-01 9.666591041197113432e-01 9.678183266457234257e-01 9.485172715876215577e-01
1.023067651487031160e+00 1.021149170256867800e+00 1.019647750163696465e+00 9.945990582759525189e-01 9.967761174110510991e-01 9.911374508389182436e-01 9.990282475508083238e-01 9.972932732209212059e-01 9.778915891280499650e-01 9.794096916667013319e-01 9.802104490497260958e-01
1.025544366509260508e+00 1.024036484053724161e+00 9.988799784205266707e-01 1.001066407981054285e+00 9.954034716480401057e-01 1.003328231664358805e+00 1.001585789715738750e+00 9.821005975403084287e-01 9.836252342453508657e-01 9.844294382216369765e-01 1.000739700115687913e+00
1.026582888661584203e+00 1.001363827989714128e+00 1.003555694401754739e+00 9.978786764150134880e-01 1.005823142414210558e+00 1.004076367649059387e+00 9.845427229195323759e-01 9.860711508390397340e-01 9.868773545768018129e-01 1.003228174133288908e+00 9.921932604726705351e-01
1.031973067434712066e+00 1.003325901771618067e+00 1.007400924485192917e+00 1.002829741321462409e+00 9.905396029577668848e-01 9.935572345480587764e-01 9.998690461762702597e-01 1.000926437299553218e+00 9.835852228777143269e-01 9.859928211276507426e-01 9.813158988515918724e-01
1.002707738210718569e+00 9.977153981495728852e-01 1.005860354966249481e+00 1.002323068792271732e+00 1.006914014677646962e+00 1.000692404953204218e+00 1.005550946955759750e+00 9.935927454692633498e-01 9.987439707249847753e-01 9.858993571003286105e-01 1.004932130934780288e+00
1.013900659299795892e+00 1.016955201977484569e+00 1.003317664968130796e+00 1.004355213432019500e+00 1.001649287038197667e+00 1.000545335472620145e+00 1.001740591303019734e+00 9.856046375926220682e-01 9.856295387557554299e-01 9.863018701603551985e-01 9.878540426623328985e-01
1.019610943513991508e+00 1.005937792572557887e+00 1.006978050556537996e+00 1.004265057734318178e+00 1.003158223239363434e+00 1.004356600436908220e+00 9.881785082700510481e-01 9.882034744616665645e-01 9.888775616352855069e-01 9.904337875793197687e-01 9.897347342140850879e-01
1.008952159160625195e+00 1.009995534354171332e+00 1.007274411849403029e+00 1.006164260643470199e+00 1.007366228866435121e+00 9.911396578564063420e-01 9.911646988610514075e-01 9.918408059864692872e-01 9.934016952760142960e-01 9.927005471459512398e-01 9.958640607327829963e-01
1.011319158823435815e+00 1.008594470219404293e+00 1.007482864132483336e+00 1.008686407564938881e+00 9.924385712267868032e-01 9.924636450482963168e-01 9.931406382290526302e-01 9.947035731031445005e-01 9.940015061008785624e-01 9.971691655515779740e-01 9.907753410666571003e-01
1.012075181480355912e+00 1.013284210915184724e+00 9.969623135449918738e-01 9.969875016582174787e-01 9.976675807153088105e-01 9.992376397730383664e-01 9.985323726027213187e-01 1.001714470906889476e+00 9.952915020343600094e-01 9.882472263689319192e-01 9.857619991973387563e-01
1.008790366614837231e+00 9.945247157710662700e-01 9.963742945715304833e-01 1.003622165564736379e+00 1.004330138311325671e+00 1.008648772065519283e+00 1.003799158751383702e+00 9.959583605829093189e-01 9.935158546071769514e-01 9.904361731595142659e-01 9.924804444652902680e-01
9.961494277326298219e-01 9.980020281098868073e-01 1.005261739636074791e+00 1.005970868967082321e+00 1.010296557886227298e+00 1.005439021968826729e+00 9.975854146279199419e-01 9.951389184359443751e-01 9.920542058460622981e-01 9.941018167893460600e-01 9.814970429306897337e-01
9.994664848631723553e-01 1.006736849206961937e+00 1.007447019106233244e+00 1.011779055491788037e+00 1.006914391681779763e+00 9.990492600473505069e-01 9.965991738948645207e-01 9.935099348330345137e-01 9.955605504171802789e-01 9.829372804576332889e-01 9.856625574460867734e-01
1.008128462419195293e+00 1.008839613986928896e+00 1.013177638550104120e+00 1.008306250311128638e+00 1.000430246698478687e+00 9.979767737897977664e-01 9.948832644701564032e-01 9.969367146219872966e-01 9.842959955055219368e-01 9.870250396466997422e-01 9.845626773434220658e-01
1.011222639525610756e+00 1.015570911132198884e+00 1.010688015967423414e+00 1.002793408091527505e+00 1.000334139723866977e+00 9.972333230863817954e-01 9.992916237854020389e-01 9.866210454563679733e-01 9.893565359957584571e-01 9.868883572354614220e-01 9.880645290634731959e-01
1.017928240596024381e+00 1.013034011321031214e+00 1.005121078588104400e+00 1.002656101799969113e+00 9.995480875888419492e-01 1.001611165987607244e+00 9.889111768835191496e-01 9.916530170065536165e-01 9.891791091430990335e-01 9.903580110852509000e-01 9.866516148277285625e-01
1.016212380754427880e+00 1.008274621388588477e+00 1.005801910796069842e+00 1.002684145266372173e+00 1.004753696523154050e+00 9.920138615138724969e-01 9.947643040932321323e-01 9.922826344043635949e-01 9.934652351225249367e-01 9.897472101373969711e-01 1.002702063459071535e+00
1.009638675274250330e+00 1.007162619451751118e+00 1.004040636023382671e+00 1.006112987092213418e+00 9.933559168762940983e-01 9.961100804179868762e-01 9.936250533787396311e-01 9.948092539895002639e-01 9.910861990390033016e-01 1.004058578456878958e+00 1.014617700569492964e+00
1.006661400194220013e+00 1.003540970435721436e+00 1.005612290189207503e+00 9.928615685898257714e-01 9.956143615089608767e-01 9.931305711552135262e-01 9.943141824429200248e-01 9.905929802883887136e-01 1.003558903940080516e+00 1.014112771255461842e+00 1.020972336672850700e+00
1.002106861671503424e+00 1.004175221408508234e+00 9.914427212092831176e-01 9.941915802537008018e-01 9.917113393569459978e-01 9.928932592066632701e-01 9.891773748306587066e-01 1.002124769548014216e+00 1.012663554874658312e+00 1.019513317640064143e+00 1.014740868549918629e+00
1.009695972013255227e+00 1.004185824157621143e+00 1.009610144165036472e+00 1.001602405926241168e+00 1.000435147190468443e+00 9.995339547841729511e-01 9.988473319984241261e-01 1.001096021621751486e+00 9.923844950275635401e-01 9.826087031154648876e-01 9.801711922260567533e-01
1.007159440225947833e+00 1.012599822843236685e+00 1.004568371922460512e+00 1.003397656675702354e+00 1.002493795639601837e+00 1.001805139612097051e+00 1.004060488102175741e+00 9.953231647532070347e-01 9.855184245616056549e-01 9.830736956639631874e-01 9.759202811782559106e-01
1.015773012312033652e+00 1.007716393190645654e+00 1.006542009267270776e+00 1.005635315797017926e+00 1.004944501724444494e+00 1.007206917812122793e+00 9.984422142663467170e-01 9.886067489080818671e-01 9.861543589504461194e-01 9.789785277715892242e-01 9.657408031059000475e-01
1.012783573151892602e+00 1.011603283981045820e+00 1.010692031312377059e+00 1.009997743564820194e+00 1.012271535938069400e+00 1.003462760140940269e+00 9.935778383350977183e-01 9.911131168312705686e-01 9.839012028535224497e-01 9.705969138909620320e-01 9.615972089632546238e-01
1.016807954206437437e+00 1.015892013168615104e+00 1.015194153330274185e+00 1.017479644300840480e+00 1.008625547601891936e+00 9.986897681535150673e-01 9.962123657274053468e-01 9.889633466566407627e-01 9.755906075044358250e-01 9.665445993499435229e-01 9.631948721259078194e-01
1.021367881173391723e+00 1.020666259726227487e+00 1.022964069965690781e+00 1.014062247854792487e+00 1.004072912500789228e+00 1.001582156363355791e+00 9.942940635809356387e-01 9.808492425996480080e-01 9.717544745907793491e-01 9.683866916443902850e-01 9.552400597781474101e-01
1.027460633049521732e+00 1.029773739357062512e+00 1.020812659577849280e+00 1.010756827195067320e+00 1.008249490586893282e+00 1.000912882412976046e+00 9.873785619188543139e-01 9.782232518390078235e-01 9.748330502279558551e-01 9.615989038348125018e-01 9.636471506414897581e-01
1.002314505393493649e+00 9.981853838251965039e-01 1.001234158730391455e+00 9.881235110900333796e-01 9.975811221322749001e-01 9.969677049591576523e-01 9.961070898207542434e-01 1.006992955773537757e+00 1.007697927748612887e+00 1.004795640526550349e+00 1.013365169989800973e+00
9.970835402474188536e-01 1.000128949772691511e+00 9.870327742766237256e-01 9.964799455667341377e-01 9.958672055120997291e-01 9.950075403608215074e-01 1.005881389987095975e+00 1.006585583781228088e+00 1.003686500239151513e+00 1.012246570256134293e+00 1.026568225861471229e+00
1.034060362990872006e+00 1.035822762903228389e+00 1.017389012468582488e+00 1.012649585677245723e+00 1.012109751469857599e+00 9.981058170311342126e-01 9.746706614398014112e-01 9.678671626790384952e-01 9.747897425149606443e-01 9.725351408252794760e-01 9.666366582357265314e-01
1.042854071404536676e+00 1.024295190116636611e+00 1.019523591439256638e+00 1.018980092762436174e+00 1.004881097675504265e+00 9.812868609994143121e-01 9.744371791459559562e-01 9.814067504134189601e-01 9.791368441749331852e-01 9.731983218679091108e-01 9.655893403924221685e-01
1.005060997744185558e+00 9.980358856016802171e-01 9.997050587289652013e-01 9.933686830710193316e-01 9.948595949905358893e-01 9.988299582544662991e-01 1.004048149972774695e+00 1.001609212539217530e+00 1.002857040993595517e+00 1.001625418103560206e+00 1.003877991547177606e+00
9.981539678346318389e-01 9.998233384494950027e-01 9.934862131056938495e-01 9.949773014218823430e-01 9.989481344378191574e-01 1.004166943544479107e+00 1.001727717548974939e+00 1.002975693639698074e+00 1.001743925030672777e+00 1.003996764986653245e+00 1.011922223536829035e+00
9.984486488192492182e-01 9.921202365952170865e-01 9.936092747655774771e-01 9.975746481540377353e-01 1.002786281750299713e+00 1.000350409525959883e+00 1.001596669733761491e+00 1.000366594723463676e+00 1.002616337176508443e+00 1.010530898755924722e+00 1.016924051769972470e+00
9.948388019847423935e-01 9.936170264072323732e-01 9.958515896345204732e-01 1.003712750916130769e+00 1.010062768720294546e+00 1.005915162154537024e+00 1.005682060235143727e+00 1.004685348579806625e+00 9.928936066573909036e-01 9.927408847102020539e-01 9.856031431784332275e-01
9.945355455041345882e-01 9.967721744055636490e-01 1.004640602699080176e+00 1.010996490584435969e+00 1.006845049889697252e+00 1.006611732486310862e+00 1.005614099451140886e+00 9.938114570108661505e-01 9.936585938845095001e-01 9.865142540842614105e-01 9.782274635501898574e-01
9.984003739176332548e-01 1.006281655069041658e+00 1.012647925119770198e+00 1.008489703162585460e+00 1.008256004641736148e+00 1.007256742000862237e+00 9.954348202737494100e-01 9.952817074497445349e-01 9.881256975699381773e-01 9.798253707949375890e-01 9.743938948276069656e-01
9.958777978965211997e-01 9.974030834354775665e-01 9.896823081815844247e-01 9.890375998609945984e-01 9.912862166864664371e-01 1.004290455250559599e+00 1.011445145149788560e+00 1.013505066857038894e+00 1.007828488717211091e+00 9.996438379643570737e-01 1.008944934833354568e+00
9.961014640121548247e-01 9.883907644349870791e-01 9.877468974641848698e-01 9.899925798257632747e-01 1.002979847749017495e+00 1.010125200717676197e+00 1.012182434209751403e+00 1.006513264052200318e+00 9.983392943375040129e-01 1.007628253196760193e+00 1.011326562260758344e+00
1.004309655760417863e+00 1.000279761270382650e+00 9.937853032079292381e-01 1.000213151444101056e+00 9.975654108494085293e-01 1.002377970798252305e+00 1.005009058936374267e+00 9.985895369284877310e-01 9.980150271768093440e-01 9.998551236278375720e-01 9.943181818181819898e-01
9.963487137020904383e-01 1.002793142193142639e+00 1.000138571907968066e+00 1.004963545570958017e+00 1.007601420445533691e+00 1.001165339659780829e+00 1.000589347994129907e+00 1.002434190865272967e+00 9.968829668412451106e-01 9.870827608198782244e-01 9.950130808542040350e-01
1.002927096430545451e+00 1.000272171544882349e+00 1.005097789733288671e+00 1.007736016978161286e+00 1.001299076453487924e+00 1.000723007846221480e+00 1.002568097153553106e+00 9.970161315907676292e-01 9.872146164468423857e-01 9.951459958222503843e-01 9.924576756550067547e-01
1.004985818243743889e+00 1.001400657225199442e+00 9.964955051043730139e-01 9.896592548894670438e-01 1.004659894514785101e+00 1.004415451718066343e+00 1.003087312522560115e+00 9.997058538346149659e-01 9.988340078596507077e-01 9.967562440875398222e-01 9.852837288281983685e-01
