9.941386820100558408e-01 9.937353803135000607e-01 9.974995294813541191e-01 9.974995294813541191e-01 9.937353803135000607e-01 9.907778345387574515e-01 1.004221224423950787e+00 1.006909902400989543e+00 1.012959427849326577e+00 1.008523109187212885e+00 1.016992444814884600e+00
9.932533733133434017e-01 9.932533733133434017e-01 9.895052473763119583e-01 9.865602912829299909e-01 9.999464553437567016e-01 1.002623688155922066e+00 1.008647461983294136e+00 1.004230027843221462e+00 1.012663311201542182e+00 1.009316770186335477e+00 1.036089098307988898e+00
9.890168479419918501e-01 9.852847088931542263e-01 9.823523139262102521e-01 9.956813819577734481e-01 9.983471955640861317e-01 1.004345276178289614e+00 9.999466837278737641e-01 1.008343996587758529e+00 1.005011729579867730e+00 1.031669865642994122e+00 1.027671145233525207e+00
9.814908250790026489e-01 9.785697214329340810e-01 9.918474652786998247e-01 9.945030140478530178e-01 1.000477998778447564e+00 9.960963433093449337e-01 1.004461321932177409e+00 1.001141885970735945e+00 1.027697373662267433e+00 1.023714050508537587e+00 1.029290702923759238e+00
1.004732005924838578e+00 1.000144188546186363e+00 9.964739346432646139e-01 1.005387408407503180e+00 1.004076603442173976e+00 1.004863086421371454e+00 1.002765798476844772e+00 9.955563711675341487e-01 9.960806931536657638e-01 9.899199098166185928e-01 9.896577488235527298e-01
1.001654107700790330e+00 9.979783128101452627e-01 1.006905243258854776e+00 1.005592459369338609e+00 1.006380129703048354e+00 1.004279675479822442e+00 9.970593640874838570e-01 9.975844776432902794e-01 9.914143933625646499e-01 9.911518365846614387e-01 9.878698768608711323e-01
1.004968829491386995e+00 9.970608780462089094e-01 9.953474885664204130e-01 9.946884926126555726e-01 9.929751031328668542e-01 9.908663160808193204e-01 9.924479063698550263e-01 9.987742675259974057e-01 1.018412346948189828e+00 1.014458371225600786e+00 1.018280547757437038e+00
9.957353831573959591e-01 9.940242714612894659e-01 9.933661515781715412e-01 9.916550398820648260e-01 9.895490562560875780e-01 9.911285439755705973e-01 9.974464948535024522e-01 1.017058467370416164e+00 1.013109748071708838e+00 1.016926843393792579e+00 1.017716587253534088e+00
9.918440787486374477e-01 9.911874023193812944e-01 9.894800436033148738e-01 9.873786790296948945e-01 9.889547024599099068e-01 9.952587961807698447e-01 1.014827753772606256e+00 1.010887695197068670e+00 1.014696418486754848e+00 1.015484430201862409e+00 1.010756359911217483e+00
9.893163793668480199e-01 9.876122435603329475e-01 9.855148456446221061e-01 9.870878940814051816e-01 9.933800878285375946e-01 1.012912105918594818e+00 1.008979484826636908e+00 1.012781018548862821e+00 1.013567542767254359e+00 1.008848397456905133e+00 1.002556203709772387e+00
9.863063912235224828e-01 9.842117665540803806e-01 9.857827350561619850e-01 9.920666090644880697e-01 1.011572801298667112e+00 1.007645380043463268e+00 1.011441887256826933e+00 1.012227371507867790e+00 1.007514466001623088e+00 1.001230591993296892e+00 1.012751027675228288e+00
9.816159189429151111e-01 9.831827440330076495e-01 9.894500443933773592e-01 1.008904789262025314e+00 1.004987726536794135e+00 1.008774220504517594e+00 1.009557633049563918e+00 1.004857157779286414e+00 9.985898574189165933e-01 1.010079908079594579e+00 1.009296495534548255e+00
9.962719124296025575e-01 9.987837444805794940e-01 9.978583326723247104e-01 1.001163374844662890e+00 9.957431056820285065e-01 9.978583326723247104e-01 9.974617276116442000e-01 9.973295259247506594e-01 1.007773459189339027e+00 1.009756484492742024e+00 1.008698870997593922e+00
9.975441005598394417e-01 9.966198373296714097e-01 9.999207774374141433e-01 9.945072356607161934e-01 9.966198373296714097e-01 9.962237245167423483e-01 9.960916869124326611e-01 1.006522657652899388e+00 1.008503221717545140e+00 1.007446920883067421e+00 1.007710996091687017e+00
9.956076134699852753e-01 9.989052009549812539e-01 9.934971574795880001e-01 9.956076134699852753e-01 9.952119029717858556e-01 9.950799994723860120e-01 1.005500375924973211e+00 1.007478928415970865e+00 1.006423700420772116e+00 1.006687507419571803e+00 1.012491261393164699e+00
9.972215272382505269e-01 9.918225991230033012e-01 9.939294978996850993e-01 9.935344543790572969e-01 9.934027732055146220e-01 1.003805585915381604e+00 1.005780803518520727e+00 1.004727354130179995e+00 1.004990716477265122e+00 1.010784688113140373e+00 1.009336195204171505e+00
9.906224928649400852e-01 9.927268422921623481e-01 9.923322767745582640e-01 9.922007549353567546e-01 1.002590980232267226e+00 1.004563807820288313e+00 1.003511633106677126e+00 1.003774676785079922e+00 1.009561637709941451e+00 1.008114897478726180e+00 1.008246419317927467e+00
9.909803458190553638e-01 9.905864744574420788e-01 9.904551840035710208e-01 1.000827129859387821e+00 1.002796486667454356e+00 1.001746163036485449e+00 1.002008743944227787e+00 1.007785523914556114e+00 1.006341328921974032e+00 1.006472619375845090e+00 1.015006498877466523e+00
9.857958628980620919e-01 9.961190168175937387e-01 9.980791093339604902e-01 9.970337266585649338e-01 9.972950723274139895e-01 1.003044677042089772e+00 1.001607275863420687e+00 1.001737948697845271e+00 1.010231682935434527e+00 1.009055627425614610e+00 1.008794281756765665e+00
9.938333572350493972e-01 9.957889521922219656e-01 9.947459682150633364e-01 9.950067142093530492e-01 1.000743126083725620e+00 9.993090231151324776e-01 9.994393961122772785e-01 1.007913640926691334e+00 1.006740283952387793e+00 1.006479537958098192e+00 1.008565505912415450e+00
9.943240991460110534e-01 9.932826494480315738e-01 9.935430118725264714e-01 9.992709852114142199e-01 9.978389918766922273e-01 9.979691730889397316e-01 1.006430951885023850e+00 1.005259320974796866e+00 1.004998958550301857e+00 1.007081857946261039e+00 1.007342220370755825e+00
1.004668339813526545e+00 1.004148190530682383e+00 1.001937556078594582e+00 9.989466977022406491e-01 9.964759886087306562e-01 9.972562125329968996e-01 9.998569589472178221e-01 9.995968843057958519e-01 1.000767220192195106e+00 9.963459512880197266e-01 9.959558393258864939e-01
1.005023817580758649e+00 1.002811255433792459e+00 9.998177889996617829e-01 9.973449254236406158e-01 9.981258297108052124e-01 1.000728844001353535e+00 1.000468542572298780e+00 1.001639899003045731e+00 9.972147747091133496e-01 9.968243225655309958e-01 9.918785954134889948e-01
1.004131208215500504e+00 1.001133801623812491e+00 9.986576831350266747e-01 9.994396152893800789e-01 1.002046055803891500e+00 1.001785411752440513e+00 1.002958309983970508e+00 9.985273611093012924e-01 9.981363950321244793e-01 9.931841580545529569e-01 9.888835312056091231e-01
1.002662629215829604e+00 1.000182729455988184e+00 1.000965855695937989e+00 1.003576276495770969e+00 1.003315234415787849e+00 1.004489923775712557e+00 1.000052208415996624e+00 9.996606452960216105e-01 9.947008457763391043e-01 9.903936514566146210e-01 9.829539521770909172e-01
1.002157849996730299e+00 1.002942522722814145e+00 1.005558098476426965e+00 1.005296540901065683e+00 1.006473549990191563e+00 1.002027071209049769e+00 1.001634734846007735e+00 9.966651409141435991e-01 9.923494409206824463e-01 9.848950500228862426e-01 9.830641469953572686e-01
9.998565298483128583e-01 1.002725932882054360e+00 1.002465078060805315e+00 9.990739653845651658e-01 9.992043927951897997e-01 9.964654171720728204e-01 9.956828527083251279e-01 9.986826831526913750e-01 1.001160803954558975e+00 1.004682344041423647e+00 1.005595335915796085e+00
1.002150817962588647e+00 1.001890112755002171e+00 9.985009450563774314e-01 9.986312976601706692e-01 9.958938929805121187e-01 9.951117773577525805e-01 9.981098872449976067e-01 1.000586586717069570e+00 1.004106107019487437e+00 1.005018575246040324e+00 1.008277390340871937e+00
1.001276673354003277e+00 9.978895807821578368e-01 9.980198535733826315e-01 9.952841249576613869e-01 9.945024882103123964e-01 9.974987624084834525e-01 9.999739454417551077e-01 1.003491310804825343e+00 1.004403220343399017e+00 1.007660040124019662e+00 1.000495036606654287e+00
9.979675855959142527e-01 9.980978685705351738e-01 9.953619261034967192e-01 9.945802282557714147e-01 9.975767366720517115e-01 1.000052113189848324e+00 1.003569753504611972e+00 1.004481734326958087e+00 1.007738808692479893e+00 1.000573245088331786e+00 1.000182396164469134e+00
9.978768577494692149e-01 9.951415211076810596e-01 9.943599963528844121e-01 9.973558412462715239e-01 9.998306696364607227e-01 1.003347531033045303e+00 1.004259309913641429e+00 1.007515663058627275e+00 1.000351686139658414e+00 9.999609237622602009e-01 1.000872702642856105e+00
9.948434814313246166e-01 9.940621907391010703e-01 9.970571383926247755e-01 9.995312255846660054e-01 1.003047033699671964e+00 1.003958539507266101e+00 1.007213917391530877e+00 1.000052086046148370e+00 9.996614407000365965e-01 1.000572946507630734e+00 9.982290744309600949e-01
9.937257556429147654e-01 9.967196896722293475e-01 9.991929395225326305e-01 1.002707557730858179e+00 1.003618755044128008e+00 1.006873031162948129e+00 9.997136237015438187e-01 9.993231105672853998e-01 1.000234307880554896e+00 9.978912290750046044e-01 9.999739657910494683e-01
9.960973071419279012e-01 9.985690126187068971e-01 1.002081436190971564e+00 1.002992064524521831e+00 1.006244308572915358e+00 9.990893716664498436e-01 9.986991023806426337e-01 9.996097307141926791e-01 9.972681149993495309e-01 9.993495511903213169e-01 9.998699102380642634e-01
9.981924342319146159e-01 1.001703533205893448e+00 1.002613818125073220e+00 1.005864835693571990e+00 9.987125970428744060e-01 9.983224749346546467e-01 9.992327598538341960e-01 9.968920272045150854e-01 9.989726784483543565e-01 9.994928412593141465e-01 1.003524103044252991e+00
1.001169742656615291e+00 1.002079542500649678e+00 1.005328827657915092e+00 9.981804003119312263e-01 9.977904860930594255e-01 9.987002859370937013e-01 9.963608006238626746e-01 9.984403431245125748e-01 9.989602287496749389e-01 1.002989342344684065e+00 1.004029113595009015e+00
1.001793092695096199e+00 1.005041449026792488e+00 9.978950650970608294e-01 9.975052623372574478e-01 9.984148021101322268e-01 9.960759855513110494e-01 9.981549336035966391e-01 9.986746706166680365e-01 1.002702632467971311e+00 1.003742106494113884e+00 1.007510199838881570e+00
1.004467184375243516e+00 9.973248837752901608e-01 9.969353037425654485e-01 9.978443238189230735e-01 9.955068436225747996e-01 9.975846037971066727e-01 9.981040438407395854e-01 1.002129704178895242e+00 1.003168584266161067e+00 1.006934524582499879e+00 1.005116484429784629e+00
9.950173255431620234e-01 9.940056149935503349e-01 9.995700230164149547e-01 1.003743329033563558e+00 1.000075878291220910e+00 1.002352227027847320e+00 1.003363937577459009e+00 1.000328805928623721e+00 1.001593444115638443e+00 9.999494144725195044e-01 9.993170953790121436e-01
9.935783991505284796e-01 9.991404156343227649e-01 1.003311927997168507e+00 9.996460534964858313e-01 1.001921423876219963e+00 1.002932699600546096e+00 9.998988724275674755e-01 1.001162967082975364e+00 9.995196440309451757e-01 9.988875967032413428e-01 1.000404510289730542e+00
9.984588565220686718e-01 1.002627523306637070e+00 9.989641494656525955e-01 1.001237967711780863e+00 1.002248553598948932e+00 9.992167959374447239e-01 1.000480028296404811e+00 9.988378262297566978e-01 9.982062100502766544e-01 9.997220888810287587e-01 1.004901341552765226e+00
9.995464624067728066e-01 9.965228784519249983e-01 9.977827050997782887e-01 9.961449304575691333e-01 9.955150171336424325e-01 9.970268091110663367e-01 1.002192098367264750e+00 1.003073977020761953e+00 1.004333803668615355e+00 1.007861318282604390e+00 1.007609352953033666e+00
9.957200402819736951e-01 9.969788519637461377e-01 9.953423967774420733e-01 9.947129909365558520e-01 9.962235649546826721e-01 1.001384692849949465e+00 1.002265861027190175e+00 1.003524672708962617e+00 1.007049345417925457e+00 1.006797583081570746e+00 9.976082578046323590e-01
9.967906362091749628e-01 9.951544899628720353e-01 9.945252029450631914e-01 9.960354917878042613e-01 1.001195645333836648e+00 1.002076647158768985e+00 1.003335221194386673e+00 1.006859228494116021e+00 1.006607513686992528e+00 9.974199232269836957e-01 9.947769177521866846e-01
9.976939256481082152e-01 9.982007551759964903e-01 9.997212437596614265e-01 9.997212437596614265e-01 1.007577101441930134e+00 9.992144142317731514e-01 1.000988317579382114e+00 1.001495147107270389e+00 9.992144142317731514e-01 9.961734370644433900e-01 9.913585565495045548e-01
9.980290879434551288e-01 9.949707761315753629e-01 9.939513388609486633e-01 9.956504009786596443e-01 9.946309637080330557e-01 1.007543835802636734e+00 1.004485523990757079e+00 1.001427212178877202e+00 1.000067962484708417e+00 1.009242897920347826e+00 1.004145711567214772e+00
9.943625619778578839e-01 9.933437478774707063e-01 9.950417713781158913e-01 9.940229572777287137e-01 1.006927935882632630e+00 1.003871493581471208e+00 1.000815051280309786e+00 9.994566324797936607e-01 1.008625959383278037e+00 1.003531888881342260e+00 1.004550702981729327e+00
9.923327452842989338e-01 9.940290405753832159e-01 9.930112634007326466e-01 1.005903107612973191e+00 1.002849776089021594e+00 9.997964445650696641e-01 9.984394083322023494e-01 1.007599402904057362e+00 1.002510517030804627e+00 1.003528294205455085e+00 1.005903107612973191e+00
9.926819352215746628e-01 9.916655373356821901e-01 1.004539910556985882e+00 1.001490716899308797e+00 9.984415232416314900e-01 9.970863260604417855e-01 1.006233907033473374e+00 1.001151917604011343e+00 1.002168315489903705e+00 1.004539910556985882e+00 1.002845914080498613e+00
9.906586339944493114e-01 1.003519935016584430e+00 1.000473837406078870e+00 9.974277397955730873e-01 9.960739186353483321e-01 1.005212211466865346e+00 1.000135382116022598e+00 1.001150747986191192e+00 1.003519935016584430e+00 1.001827658566303514e+00 1.003181479726528158e+00
9.947608122453172053e-01 9.998972708283394573e-01 9.913365065233022966e-01 9.896243536622948422e-01 9.998972708283394573e-01 1.019758244016025772e+00 1.005718590555764624e+00 9.957881039619216335e-01 9.964729651063245486e-01 1.006745882272369164e+00 1.006745882272369164e+00
9.987003214994185640e-01 9.901498050482249180e-01 9.884397017579862332e-01 9.987003214994185640e-01 1.018537519666187885e+00 1.004514672686230181e+00 9.945960736028456317e-01 9.952801149189410834e-01 1.005540734660373525e+00 1.005540734660373525e+00 1.004685683015254183e+00
9.895575190989728265e-01 9.878484387551058621e-01 9.981029208183076484e-01 1.017928252807164480e+00 1.003913793987455394e+00 9.940011279930269783e-01 9.946847601305737196e-01 1.004939242193775506e+00 1.004939242193775506e+00 1.004084702021841968e+00 1.006648322537642581e+00
9.947028665837747141e-01 1.014460663248794914e+00 1.000493944916625466e+00 9.906150465841154773e-01 9.912963499173919057e-01 1.001515899916540331e+00 1.001515899916540331e+00 1.000664270749944684e+00 1.003219158249731624e+00 1.001515899916540331e+00 1.014290337415475696e+00
1.012477475946010230e+00 9.985380614014210954e-01 9.886784755040288752e-01 9.893584469452283425e-01 9.995580185632203518e-01 9.995580185632203518e-01 9.987080542617210455e-01 1.001257947166219076e+00 9.995580185632203518e-01 1.012307483085710391e+00 1.014517390269608521e+00
9.983344097352051527e-01 9.884768346986642085e-01 9.891566674598049058e-01 9.993541588769162543e-01 9.993541588769162543e-01 9.985043679254903548e-01 1.001053740779768164e+00 9.993541588769162543e-01 1.012101023148305634e+00 1.014310479622012817e+00 1.012950814099731423e+00
9.853884834837377538e-01 9.955471276433638383e-01 9.955471276433638383e-01 9.947005739633950627e-01 9.972402350033016116e-01 9.955471276433638383e-01 1.008245432842896472e+00 1.010446472410815533e+00 1.009091986522865358e+00 1.008245432842896472e+00 9.843726190677750676e-01
9.956482720083987825e-01 9.956482720083987825e-01 9.948016323213167977e-01 9.973415513825627521e-01 9.956482720083987825e-01 1.008347867314628443e+00 1.010549130501041448e+00 1.009194507001710317e+00 1.008347867314628443e+00 9.844726281389166722e-01 9.837953163892512176e-01
1.001384894002343540e+00 9.862931003870600843e-01 9.900216611626007079e-01 9.928624693725365269e-01 9.932175703987783377e-01 1.003160399133553371e+00 1.000319590923617774e+00 1.006001207343489190e+00 1.008486914527182865e+00 1.018252192748837048e+00 1.018429743261958009e+00
9.852112302772231267e-01 9.880382352421507308e-01 9.883916108627665009e-01 9.982861282400127267e-01 9.954591232750851226e-01 1.001113133204940109e+00 1.003586762549251610e+00 1.013304592116189840e+00 1.013481279926497836e+00 1.013127904305881843e+00 1.015954909270809337e+00
9.850099522643604999e-01 9.853622448080887608e-01 9.952264360324815096e-01 9.924080956826549782e-01 9.980447763823080409e-01 1.000510824188406200e+00 1.010198869140934708e+00 1.010375015412799060e+00 1.010022722869070577e+00 1.012841063218897109e+00 1.012841063218897109e+00
9.826274833564615507e-01 9.924642976338948763e-01 9.896537792689139579e-01 9.952748159988759058e-01 9.977340195682341539e-01 1.007395176447856144e+00 1.007570833845667480e+00 1.007219519050044809e+00 1.010030037415025728e+00 1.010030037415025728e+00 1.016353703736232905e+00
9.891283415906583221e-01 9.863272701808440956e-01 9.919294130004726595e-01 9.943803504840600382e-01 1.004009033455296684e+00 1.004184100418409997e+00 1.003833966492183150e+00 1.006635037901997487e+00 1.006635037901997487e+00 1.012937448574079635e+00 1.016088653910120598e+00
9.836752509821038437e-01 9.892623308598865739e-01 9.917066783064164559e-01 1.001309471846355326e+00 1.001484068092536095e+00 1.001134875600174556e+00 1.003928415539065977e+00 1.003928415539065977e+00 1.010213880401571451e+00 1.013356612832823966e+00 1.004975993016150149e+00
9.871596076449988821e-01 9.895987595170478990e-01 9.991811418715262905e-01 9.993553670052441884e-01 9.990069167378085035e-01 1.001794518877293205e+00 1.001794518877293205e+00 1.008066623691133756e+00 1.011202676098053921e+00 1.002839869679599927e+00 1.001794518877293205e+00
9.881526069483828056e-01 9.977209860649605133e-01 9.978949565943528999e-01 9.975470155355681268e-01 1.000330544005845201e+00 1.000330544005845201e+00 1.006593483063968897e+00 1.009724952593030523e+00 1.001374367182199299e+00 1.000330544005845201e+00 1.003809954593691822e+00
9.961612617463653230e-01 9.963349603098782259e-01 9.959875631828524201e-01 9.987667401990585336e-01 9.987667401990585336e-01 1.005019888485522150e+00 1.008146462628753959e+00 9.998089315801358401e-01 9.987667401990585336e-01 1.002240711469316148e+00 9.803546924666931561e-01
9.979123173277663073e-01 9.975643702157273029e-01 1.000347947112039115e+00 1.000347947112039115e+00 1.006610995128740527e+00 1.009742519137091232e+00 1.001391788448156017e+00 1.000347947112039115e+00 1.003827418232428714e+00 9.819067501739735526e-01 9.768615170494086009e-01
9.923180190930787070e-01 1.001267899761336455e+00 9.941825775656324415e-01 9.960471360381861761e-01 9.953013126491645490e-01 1.000149164677804237e+00 1.008726133651551171e+00 1.003878281622911484e+00 1.006488663484486734e+00 1.001640811455847269e+00 1.004997016706443924e+00
9.942261128701805895e-01 9.990687278822871775e-01 1.007636431365245056e+00 1.002793816353138467e+00 1.005401378282734237e+00 1.000558763270627871e+00 1.003911342894393766e+00 9.972061836468616436e-01 9.923635686347550555e-01 9.968336747997765812e-01 9.871484447755635161e-01
9.997763363900693534e-01 1.008350108104078213e+00 1.003504063222247167e+00 1.006113472004771525e+00 1.001267427122940479e+00 1.004622381271900400e+00 9.979124729739804467e-01 9.930664280921494003e-01 9.975397002907627764e-01 9.878476105271005725e-01 9.938119734585850740e-01
1.008951883625512691e+00 1.004102946661693307e+00 1.006713912719134463e+00 1.001864975755315079e+00 1.005221932114882311e+00 9.985080193957477368e-01 9.936590824319282422e-01 9.981350242446848098e-01 9.884371503170458206e-01 9.944050727340544293e-01 9.970160387914956956e-01
1.005302860557173883e+00 1.007916946747329900e+00 1.003062215251325995e+00 1.006423183210098049e+00 9.997012472925536075e-01 9.948465157965493688e-01 9.993278064082458112e-01 9.896183434162373338e-01 9.955933975651656276e-01 9.982074837553216451e-01 9.989543655239376818e-01
9.913343641005356588e-01 9.895365143288625820e-01 9.960087735068857695e-01 9.963683434612203849e-01 1.001761892776239726e+00 1.007155442091258957e+00 1.004638452410916427e+00 1.005717162273920273e+00 1.005717162273920273e+00 1.001761892776239726e+00 1.005537377296752855e+00
9.881330676289473702e-01 9.945961472864042197e-01 9.949552072673740755e-01 1.000341106981921468e+00 1.005727006696468750e+00 1.003213586829679871e+00 1.004290766772589327e+00 1.004290766772589327e+00 1.000341106981921468e+00 1.004111236782104344e+00 1.006086066677438495e+00
9.928137488575473624e-01 9.931721653733804889e-01 9.985484131108762762e-01 1.003924660848372064e+00 1.001415745237540511e+00 1.002490994785039780e+00 1.002490994785039780e+00 9.985484131108762762e-01 1.002311786527123161e+00 1.004283077364204857e+00 9.942474149208795353e-01
9.930297980612445841e-01 9.984052751348349020e-01 1.003780752208425220e+00 1.001272196240749590e+00 1.002347291655467654e+00 1.002347291655467654e+00 9.984052751348349020e-01 1.002168109086347902e+00 1.004139117346664500e+00 9.941048934759625366e-01 9.933881631994838646e-01
9.962952201075114811e-01 9.962952201075114811e-01 9.897573732384137291e-01 9.897573732384137291e-01 9.952055789626618187e-01 9.952055789626618187e-01 1.010460554990556536e+00 1.008281272700857434e+00 1.017361615574604361e+00 1.001380212116809831e+00 1.002106639546709532e+00
9.957165674459127480e-01 9.891825177871352848e-01 9.891825177871352848e-01 9.946275591694497820e-01 9.946275591694497820e-01 1.009873675039930419e+00 1.007695658487004708e+00 1.016770727457528833e+00 1.000798606069406294e+00 1.001524611587048197e+00 1.008784666763467452e+00
9.948371382995145895e-01 9.931219018541705967e-01 9.968954220339274475e-01 1.007872935284128912e+00 1.006157698838785031e+00 9.979245639011337099e-01 9.941510437213770812e-01 1.002384178659028180e+00 1.004270938748906605e+00 1.002384178659028180e+00 1.004785509682509570e+00
9.921348892201716785e-01 9.959046590928563036e-01 1.006871262358847829e+00 1.005157730598536636e+00 9.969327781490429086e-01 9.931630082763583944e-01 1.001387960725852011e+00 1.003272845662194213e+00 1.001387960725852011e+00 1.003786905190287460e+00 1.019551397385150437e+00
9.931817016695432265e-01 1.004118320545463794e+00 1.002409473846101129e+00 9.942070096891606479e-01 9.904475469505630292e-01 9.986500111075033992e-01 1.000529742476802264e+00 9.986500111075033992e-01 1.001042396486611086e+00 1.016763786120747026e+00 1.018472632820109691e+00
1.001585218265805155e+00 9.998806824961220530e-01 9.916989108016429633e-01 9.879489321083402276e-01 9.961307038028190952e-01 9.980056931494706296e-01 9.961307038028190952e-01 9.985170538803754825e-01 1.014198782961460266e+00 1.015903318731143479e+00 1.010448804268157419e+00
9.989952144961595781e-01 9.908206883632212358e-01 9.870740305522913705e-01 9.952485566852294907e-01 9.971218855906945899e-01 9.952485566852294907e-01 9.976327934740031322e-01 1.013300635228801427e+00 1.015003661506497012e+00 1.009553977417871451e+00 1.028287266472521555e+00
9.803623078094078069e-01 9.884812503171460651e-01 9.903418413085028904e-01 9.884812503171460651e-01 9.908492752152363581e-01 1.006410581688401695e+00 1.008102028044180587e+00 1.002689399705688267e+00 1.021295309619255187e+00 1.022986755975034079e+00 1.023155900610612123e+00
9.850575806605120777e-01 9.874369467973732606e-01 9.917198058437233232e-01 1.003775260937153080e+00 1.002347641255036281e+00 1.003616636528029016e+00 1.001713143618540025e+00 1.008533993210875224e+00 1.008851242029123574e+00 1.006947749119634583e+00 1.007740871165254903e+00
9.907454257593811819e-01 9.868281456575318522e-01 9.940098258442555679e-01 9.900925457424062381e-01 9.936833858357679850e-01 1.002660486069172574e+00 1.005108786132828502e+00 9.992328659800546742e-01 1.024368746633587568e+00 1.013269786345014412e+00 1.026164166680268552e+00
9.867461680547002789e-01 9.828575132052237429e-01 9.864221134839105121e-01 9.953336141806278237e-01 9.977640234615507975e-01 9.919310411873358824e-01 1.016883243138144488e+00 1.005865387731293747e+00 1.018665543277487817e+00 1.017531352279723800e+00 1.022068116270779869e+00
9.793980883492637846e-01 9.829501420821492585e-01 9.918302764143631656e-01 9.942521312322396554e-01 9.884396796693361020e-01 1.013304055799534975e+00 1.002324980625161288e+00 1.015080082665977823e+00 1.013949883750968617e+00 1.018470679411004776e+00 1.005554120382329941e+00
9.803858417340329812e-01 9.892428097523267017e-01 9.916583464845886153e-01 9.858610583271602001e-01 1.010660568778382284e+00 9.997101355921282906e-01 1.012431962382041251e+00 1.011304711906985565e+00 1.015813713807207641e+00 1.002930851235144250e+00 1.012754033946342558e+00
9.860511404677442249e-01 9.884588837702048547e-01 9.826802998442992765e-01 1.007399797749562564e+00 9.964846947784072873e-01 1.009165476171367093e+00 1.008041862630218777e+00 1.012536316794812041e+00 9.996950191816882381e-01 1.009486508611695088e+00 1.007239281529398456e+00
9.863689513222596572e-01 9.806025852541205845e-01 1.005269817878938321e+00 9.943777930835641099e-01 1.007031763066425389e+00 1.005910525219842588e+00 1.010395476606173126e+00 9.975813297880858910e-01 1.007352116736877301e+00 1.005109641043712143e+00 9.818839999359291193e-01
9.879839786381843236e-01 9.941827198168987634e-01 9.905270519422723074e-01 9.898912836162502282e-01 9.968847352024923225e-01 1.002447708055184794e+00 1.006103375929811250e+00 1.004990781359272667e+00 1.009441159641426777e+00 1.017547205798207344e+00 1.010871638374976289e+00
9.919124643196954860e-01 9.882651443070091801e-01 9.876308277830636584e-01 9.946083095464637314e-01 1.000158579130986380e+00 1.003805899143672686e+00 1.002695845226768023e+00 1.007136060894386231e+00 1.015223596574690745e+00 1.008563273073263433e+00 1.006977481763399851e+00
9.867785606840314694e-01 9.861451983215897554e-01 9.931121843084476097e-01 9.986541049798116632e-01 1.002295938563851019e+00 1.001187554429578075e+00 1.005621090966669406e+00 1.013696461087800094e+00 1.007046156282163096e+00 1.005462750376058922e+00 1.007046156282163096e+00
9.912614340049665795e-01 9.948763084273725132e-01 9.937761292553357606e-01 9.981768459434823271e-01 1.006192437054034494e+00 9.995913620218149775e-01 9.980196774903341561e-01 9.995913620218149775e-01 1.008549963851255837e+00 1.009964479929588599e+00 1.010278816835884719e+00
9.981741593225700315e-01 9.888293054617076638e-01 9.917046451112038197e-01 9.952988196730738757e-01 1.007806547148381915e+00 1.009963051885504060e+00 1.008956683008180422e+00 1.008094081113331653e+00 1.001049498972066187e+00 9.901232083039810394e-01 9.899794413215062816e-01
9.896402877697840772e-01 9.925179856115107224e-01 9.961151079136689734e-01 1.008633093525179936e+00 1.010791366906474753e+00 1.009784172661870372e+00 1.008920863309352489e+00 1.001870503597122264e+00 9.909352517985612341e-01 9.907913669064748463e-01 9.933812949640287160e-01
9.921468227713372556e-01 9.957425998906883624e-01 1.008255904266029956e+00 1.010413370537640576e+00 1.009406552944222213e+00 1.008543566435578187e+00 1.001495843281650089e+00 9.905646808388229863e-01 9.904208497540488709e-01 9.930098092799816145e-01 9.921468227713372556e-01
9.957425998906883624e-01 1.008255904266029956e+00 1.010413370537640576e+00 1.009406552944222213e+00 1.008543566435578187e+00 1.001495843281650089e+00 9.905646808388229863e-01 9.904208497540488709e-01 9.930098092799816145e-01 9.921468227713372556e-01 9.983315594166212170e-01
1.007994938456229006e+00 1.010151846313125379e+00 1.009145289313240434e+00 1.008282526170481974e+00 1.001236627171287141e+00 9.903082940296790149e-01 9.901645001725525308e-01 9.927527896008281338e-01 9.918900264580695625e-01 9.980731623145058240e-01 9.832623950304841820e-01
1.012656403159776231e+00 1.011647350516058141e+00 1.010782448250014509e+00 1.003719079743988774e+00 9.927636510407658044e-01 9.926195006630916806e-01 9.952142074612234657e-01 9.943493051951795003e-01 1.000547771435161160e+00 9.857002825347401798e-01 9.897364931096119811e-01
9.969456145684051362e-01 9.968008569650120831e-01 9.994064938260881492e-01 9.985379482057293865e-01 1.004762525151633445e+00 9.898524920021423146e-01 9.939057048971496888e-01 9.976694025853707348e-01 1.004473009944847339e+00 1.017645951853620945e+00 1.014750799785758550e+00
9.950291890642160020e-01 9.976301947864285591e-01 9.967631928790243734e-01 1.002976706548754482e+00 9.880931738049824054e-01 9.921391827062020496e-01 9.958961909716202987e-01 1.002687705912953087e+00 1.015837234841916681e+00 1.012947228483902729e+00 1.038668285070227126e+00
9.932955428308346546e-01 9.924323080021867360e-01 9.986188242741633747e-01 9.837999597157078835e-01 9.878283889160647258e-01 9.915690731735389285e-01 9.983310793312806242e-01 1.011423474232440389e+00 1.008546024803613994e+00 1.034155324720167801e+00 1.040197968520703231e+00
9.877992897239088466e-01 9.939569251918892734e-01 9.792072402337037573e-01 9.832168633291329396e-01 9.869400847748884820e-01 9.936705235422156335e-01 1.006701798602360087e+00 1.003837782105625021e+00 1.029327528926566648e+00 1.035341963569710311e+00 1.038062779241608391e+00
9.889859367653136557e-01 9.743100180955502898e-01 9.782995882193694648e-01 9.820041890486301828e-01 9.887009674707550877e-01 1.001667070373167379e+00 9.988173774275822536e-01 1.024179644643289810e+00 1.030163999829018628e+00 1.032871208127324358e+00 1.038713078665773892e+00
9.694890262575852624e-01 9.734588555549255062e-01 9.771451256167414945e-01 9.838087676515624436e-01 9.967107128679182360e-01 9.938751205126752364e-01 1.019111892474337866e+00 1.025066636420348232e+00 1.027760449157829159e+00 1.033573413486077230e+00 1.025066636420348232e+00
9.865919551731039405e-01 9.959308918684545153e-01 9.989993996397839027e-01 1.000867186978854129e+00 9.949969981989194023e-01 9.908611833766928223e-01 9.907277699953306316e-01 9.955306517243680542e-01 1.016609965979587749e+00 1.028883997064905742e+00 1.025948902674938434e+00
9.920265780730896932e-01 9.950830564784052257e-01 9.969435215946844675e-01 9.910963455149500723e-01 9.869767441860465285e-01 9.868438538205980270e-01 9.916279069767443000e-01 1.012624584717608078e+00 1.024850498338870430e+00 1.021926910299003399e+00 1.032159468438538230e+00
9.911054637865310823e-01 9.929584921643371809e-01 9.871346886912324425e-01 9.830315544260906924e-01 9.828991952562473600e-01 9.876641253706057721e-01 1.008576874205844964e+00 1.020753917831427549e+00 1.017842016094875124e+00 1.028033672172808277e+00 1.026180643795002068e+00
9.894878457338063260e-01 9.836843979582413633e-01 9.795956052072753995e-01 9.794637086669215620e-01 9.842119841196564911e-01 1.005051637495548489e+00 1.017186119208093098e+00 1.014284395320310672e+00 1.024440428927549274e+00 1.022593877362596659e+00 1.009272326786868401e+00
9.817420722155670854e-01 9.776613529558887405e-01 9.775297168507377510e-01 9.822686166361709326e-01 1.003067121250016402e+00 1.015177642923901224e+00 1.012281648610580786e+00 1.022417628707201764e+00 1.020574723235088799e+00 1.007279476614845848e+00 1.017020548396013968e+00
9.710616819008015543e-01 9.757692257398036251e-01 9.964301125887568000e-01 1.008460502399539660e+00 1.005583670053482814e+00 1.015652583264681663e+00 1.013821871771736438e+00 1.000614596001203171e+00 1.010291213892484885e+00 1.002314542387509277e+00 1.004406784093732519e+00
9.725263267646752086e-01 9.931185486393492301e-01 1.005108956313210289e+00 1.002241684912939190e+00 1.012277134813887924e+00 1.010452507559169932e+00 9.972891252215618785e-01 1.006933583567928281e+00 9.989834219580855379e-01 1.001068710249191973e+00 9.820404545928473894e-01
9.842957833560034286e-01 9.873871645851365342e-01 9.904785458142697507e-01 9.818226783726968776e-01 9.961666872758748736e-01 1.005317175714109057e+00 1.004575244219116925e+00 1.017064424384815036e+00 1.019290218869790987e+00 1.013602077408185975e+00 1.017435390132310991e+00
9.724076273988708774e-01 9.866140864389552068e-01 9.956768275507330568e-01 9.949420107038320360e-01 1.007311427626664146e+00 1.009515878167366765e+00 1.003882282341126642e+00 1.007678836050114546e+00 1.017108985585342795e+00 1.004862038136994373e+00 1.003024996019742154e+00
9.836025542409924105e-01 9.926376323211604236e-01 9.919050584227684375e-01 1.004236719045700443e+00 1.006434440740876290e+00 1.000818040853204582e+00 1.004603005994896270e+00 1.014004371024260331e+00 1.001794806051060416e+00 9.999633713050803951e-01 9.700499371207403909e-01
9.971396592463622754e-01 9.980101977365999355e-01 1.000497450565849933e+00 9.947767690585747058e-01 9.998756373585374613e-01 9.822161422708617362e-01 9.924138788707871361e-01 1.000497450565849933e+00 1.012311901504787892e+00 1.022260912821788326e+00 1.024126352443725851e+00
9.953241469979038358e-01 9.978047056197054676e-01 9.920994207895617034e-01 9.971845659642550874e-01 9.795725997494634241e-01 9.897428900988501921e-01 9.978047056197054676e-01 1.009587359073263135e+00 1.019509593560469662e+00 1.021370012526821025e+00 1.034392945291279453e+00
9.939215734723629847e-01 9.882384917595314899e-01 9.933038471992291507e-01 9.757604210422277102e-01 9.858911319216229208e-01 9.939215734723629847e-01 1.005658372661906164e+00 1.015541993032047730e+00 1.017395171851449343e+00 1.030367423587259967e+00 1.036544686318598529e+00
9.840441891077293946e-01 9.890880460590254497e-01 9.716190780813659389e-01 9.817067919839580492e-01 9.897031505652810202e-01 1.001390136184137747e+00 1.011231808284227540e+00 1.013077121802994363e+00 1.025994316434362119e+00 1.032145361496918268e+00 1.022303689396828474e+00
9.853182676045981747e-01 9.679158802911835835e-01 9.779651462045637622e-01 9.859310277212676166e-01 9.975734699379886772e-01 1.007377631804700968e+00 1.009215912154709738e+00 1.022083874604769793e+00 1.028211475771464878e+00 1.018407313904752476e+00 1.019632834138091582e+00
9.839598997493735899e-01 1.001253132832080395e+00 1.002506265664160567e+00 9.974937343358397657e-01 9.919799498746868505e-01 9.888471177944864188e-01 9.991228070175439679e-01 1.008771929824561653e+00 1.013032581453634284e+00 1.013032581453634284e+00 1.018796992481203256e+00
9.977771672619196730e-01 9.990259496990434585e-01 9.940308199505482056e-01 9.885361772272035497e-01 9.854142211343940305e-01 9.956542371188091822e-01 1.005269861884662497e+00 1.009515722170883478e+00 1.009515722170883478e+00 1.015260121381653002e+00 1.031369414820549890e+00
9.956812326533661661e-01 9.907028264900993308e-01 9.852265797105058676e-01 9.821150758584640261e-01 9.923208084931609552e-01 1.001904240357449627e+00 1.006135885596226354e+00 1.006135885596226354e+00 1.011861052683983297e+00 1.027916412560518911e+00 1.016217158076841764e+00
9.963324453152065940e-01 9.981244101449101569e-01 1.001588875482337215e+00 9.975270885350089323e-01 1.003022447346100021e+00 9.996774463306532521e-01 9.963324453152065940e-01 9.920317297239178433e-01 1.006845305649467726e+00 1.008517806157191110e+00 1.017238701661748568e+00
9.960420590829974774e-01 9.994992966309815818e-01 9.954459836436898579e-01 1.000929877685319713e+00 9.975918552251972216e-01 9.942538327650747298e-01 9.899620896020600025e-01 1.004744760496888434e+00 1.006413771726949680e+00 1.015116473140840636e+00 1.011182375241410636e+00
9.979883107762261840e-01 9.939411253556165171e-01 9.994167291599708181e-01 9.960837529312333016e-01 9.927507767024960073e-01 9.884655215512622162e-01 1.003225844849956250e+00 1.004892332964325119e+00 1.013581878132104652e+00 1.009653727576807158e+00 1.007749169731814387e+00
9.929718994898385498e-01 9.984421638463095716e-01 9.951124377162836598e-01 9.917827115862579701e-01 9.875016351333675280e-01 1.002247565137767582e+00 1.003912428202780482e+00 1.012593499898919225e+00 1.008669179817103023e+00 1.006766479171373962e+00 1.007004316752090123e+00
9.970430714056693899e-01 9.937180111389519732e-01 9.903929508722346675e-01 9.861178733864551793e-01 1.000843140281917565e+00 1.002505670415276384e+00 1.011174577539218022e+00 1.007255756510586853e+00 1.005355722072462710e+00 1.005593226377228033e+00 1.014143381348787010e+00
9.936698512064655597e-01 9.915675877694984930e-01 9.941370208591250313e-01 9.880638153745532337e-01 9.927355119011468387e-01 9.990423022120482610e-01 1.003947583564971602e+00 1.008619280091565207e+00 1.008852864917894943e+00 1.019364182102730609e+00 1.021933615192357037e+00
9.887729432591073619e-01 9.913351346315102397e-01 9.852790459331034478e-01 9.899375757011086296e-01 9.962265908879156528e-01 1.001118047144321066e+00 1.005776576912326359e+00 1.006009503400726590e+00 1.016491195378738333e+00 1.019053386751141321e+00 1.019286313239541553e+00
9.883194389615215236e-01 9.822817732159858650e-01 9.869261314817825426e-01 9.931960151406079573e-01 9.980725913196943910e-01 1.002716949585491069e+00 1.002949167498780714e+00 1.013398973596823183e+00 1.015953370643011500e+00 1.016185588556301367e+00 1.009219051157606462e+00
9.893711915227461073e-01 9.805586303990370123e-01 9.867919053401971174e-01 9.917355371900825611e-01 1.001515330632247514e+00 1.003127384496340646e+00 1.006566432739739225e+00 1.005061849133252361e+00 1.005706670678889525e+00 1.029565067867467709e+00 1.041601736719362847e+00
9.754637301544876182e-01 9.816646175228523896e-01 9.865825626770726720e-01 9.963115411343347327e-01 9.979152189020152885e-01 1.001336398139733852e+00 9.998396322232320221e-01 1.000481103330304045e+00 1.024215534291976315e+00 1.036189661623990954e+00 1.037900251242850125e+00
9.755734761312807590e-01 9.804609058744780947e-01 9.901295168881947273e-01 9.917232439783678632e-01 9.951231951040704349e-01 9.936357164865756708e-01 9.942732073226447920e-01 1.017860368257206272e+00 1.029760197197165494e+00 1.031460172760016558e+00 1.042935007809262737e+00
9.932753128658419195e-01 9.792088283072118982e-01 9.906435189806788166e-01 1.001352197547894063e+00 1.008430815583849727e+00 1.004619252026027532e+00 1.005345264132279315e+00 9.964516158306938598e-01 1.013694403354175932e+00 1.006978791371345938e+00 1.018776488097938859e+00
9.767180824100224479e-01 9.881236874502135059e-01 9.988051270910276447e-01 1.005865739734955522e+00 1.002063871388225058e+00 1.002788036787602310e+00 9.939170106452313025e-01 1.011115938880440268e+00 1.004417408936201017e+00 1.016185096676080812e+00 1.019986965022811054e+00
9.951817155958372352e-01 9.914202296297621730e-01 9.921367031471097775e-01 9.833599025596014842e-01 1.000376148596607395e+00 9.937487685611418042e-01 1.005391463218040515e+00 1.009152949184115577e+00 1.017929749771623760e+00 1.011302369736158502e+00 9.942861236991527019e-01
9.834819925224285164e-01 1.002478132852097970e+00 9.822731472287221655e-01 9.947069845354149509e-01 1.012839663941008439e+00 1.002132748482467361e+00 1.006795437472477239e+00 1.010162935076373225e+00 1.004032362515434373e+00 1.001096595373576648e+00 1.030972343346602038e+00
9.977398313897030135e-01 9.776303464159570300e-01 9.900054140921084045e-01 1.008052387786495752e+00 9.973960795098097964e-01 1.002036729888366784e+00 1.005388310717324485e+00 9.992867148492219354e-01 9.963648238701307003e-01 1.026099361480883099e+00 1.052912008112544484e+00
9.722661424725438373e-01 9.845733088329559068e-01 1.002521259775223328e+00 9.919234220759796106e-01 9.965386094611341505e-01 9.998718003504124541e-01 9.938036836032647647e-01 9.908978248792787991e-01 1.020469210717490638e+00 1.047134737831716622e+00 1.066621084569035594e+00
9.753702088748528176e-01 9.931503949741339321e-01 9.826516184202725990e-01 9.872236662743735236e-01 9.905257008356687098e-01 9.845143045830544448e-01 9.816356077860280971e-01 1.010930581073415047e+00 1.037346857563775648e+00 1.056651059614423849e+00 1.052417681971737906e+00
9.855569278854636739e-01 9.751384232769556570e-01 9.796755139935640067e-01 9.829523017333366974e-01 9.769868676429812604e-01 9.741301808954873076e-01 1.003201169561162454e+00 1.029415471479343536e+00 1.048572076727245284e+00 1.044371066804459680e+00 1.055461733000613300e+00
9.683690582473236663e-01 9.728746526937613881e-01 9.761286931272997736e-01 9.702046707995760633e-01 9.673678150370043083e-01 9.962369942678825918e-01 1.022269317736189231e+00 1.041292938732259143e+00 1.037121092022594837e+00 1.048134767336108997e+00 1.056645334623824706e+00
9.643616273395695382e-01 9.675871936745819024e-01 9.617150088082773163e-01 9.589029766187795456e-01 9.875195394883756750e-01 1.013324070168473812e+00 1.032181227203930352e+00 1.028045885748786414e+00 1.038963187190366400e+00 1.047399283758860156e+00 1.041775219379864170e+00
9.601542943904141092e-01 9.543272190077556338e-01 9.515367885428208661e-01 9.799335220977470895e-01 1.005539825187738545e+00 1.024252123599655340e+00 1.020148549386515668e+00 1.030981985309204374e+00 1.039353276704009232e+00 1.033772415774139253e+00 1.023103122819976063e+00
9.483574201546339788e-01 9.455844452419012169e-01 9.738035428832413354e-01 9.992496656118486920e-01 1.017844909144292487e+00 1.013767004860861798e+00 1.024532672169118808e+00 1.032851596907317315e+00 1.027305647081851570e+00 1.016703095944931912e+00 1.044922193586272030e+00
9.365407606061585399e-01 9.644899673656660566e-01 9.896927202817538127e-01 1.008110116643510246e+00 1.004071213932598683e+00 1.014733917089405191e+00 1.022973278619664583e+00 1.017480370932824840e+00 1.006979223884455044e+00 1.034928430643962560e+00 1.050922485379172100e+00
9.535827237006037072e-01 9.785004632143883274e-01 9.967095805513848106e-01 9.927163530652013401e-01 1.003258473628725556e+00 1.011404657700539778e+00 1.005973868319330222e+00 9.955914768552532879e-01 1.023224611059642797e+00 1.039037791904929176e+00 1.053093952656294796e+00
9.781594498393061388e-01 9.909458478764211486e-01 9.906002695510937039e-01 9.956111552683416521e-01 9.892179562497840362e-01 9.897363237377750922e-01 9.988941493589522658e-01 1.018592113902615948e+00 1.028959463662439067e+00 1.019283270553270837e+00 1.018419324739952225e+00
9.823509252912953071e-01 9.873200822481151828e-01 9.809801233721726632e-01 9.814941740918435853e-01 9.905757368060315038e-01 1.010109664153529874e+00 1.020390678546949870e+00 1.010795065113091029e+00 1.009938313913639307e+00 1.026045236463331012e+00 1.013365318711446195e+00
9.890548216223115086e-01 9.860233582232433847e-01 9.900121258535963253e-01 9.892143723275257372e-01 9.962346033569468018e-01 1.000063820282085514e+00 1.012349224583572571e+00 1.015221137277426688e+00 1.021124513370349041e+00 1.000702023102942206e+00 9.916076329057375016e-01
9.915149965644525221e-01 9.907160320224989158e-01 9.977469199916908504e-01 1.001581949793068249e+00 1.013886003739154162e+00 1.016762276090187100e+00 1.022674613700644164e+00 1.002221121426631223e+00 9.931129256483598455e-01 9.697831610233138555e-01 9.737779837330819976e-01
1.000641025641025639e+00 1.004487179487179471e+00 1.016826923076923128e+00 1.019711538461538280e+00 1.025641025641025550e+00 1.005128205128205110e+00 9.959935897435897578e-01 9.725961538461538325e-01 9.766025641025640747e-01 9.823717948717948234e-01 9.794871794871795601e-01
1.006616560673218919e+00 1.018982462902293218e+00 1.021873193293505233e+00 1.027815250208774955e+00 1.007258945204599465e+00 9.981049656324274544e-01 9.746579302370397269e-01 9.786728335581678095e-01 9.844542943405921731e-01 9.815635639493800468e-01 9.818847562150702091e-01
1.033391461603048622e+00 1.012723632370987614e+00 1.003519989666085577e+00 9.799457469482658611e-01 9.839824323451528132e-01 9.897952593166700064e-01 9.868888458309115208e-01 9.872117806626623526e-01 1.011431893043983843e+00 1.011108958212233011e+00 1.009009881805851716e+00
1.015198847542124749e+00 1.005972710056489916e+00 9.823408491283728283e-01 9.863874006571600184e-01 9.922144348586136031e-01 9.893009177578868663e-01 9.896246418801897260e-01 1.013903951052912866e+00 1.013580226930610007e+00 1.011476020135640530e+00 1.021997054110487024e+00
9.807216844690788138e-01 9.847615661813422516e-01 9.905789958470017087e-01 9.876702810141720912e-01 9.879934715511530241e-01 1.012232761824733762e+00 1.011909571287752829e+00 1.009808832797375766e+00 1.020312525249260860e+00 1.014010309778129892e+00 1.026129954914920317e+00
9.824662627816778127e-01 9.795813700035261862e-01 9.799019136455429102e-01 1.003942686796807537e+00 1.003622143154790702e+00 1.001538609481680941e+00 1.011956277847228858e+00 1.005705676827900241e+00 1.017726063403532555e+00 1.013558996057313255e+00 1.035516235535468343e+00
9.885148034788932003e-01 9.897269614230734813e-01 9.966968696021090146e-01 1.005636534440437657e+00 1.005030455468347350e+00 9.948786326858389817e-01 1.005030455468347350e+00 1.005485014697415025e+00 1.007757810842752733e+00 1.001242461892784430e+00 1.004727415982302530e+00
9.881249527267226274e-01 9.950835791543753972e-01 1.004008773920278319e+00 1.003403675970047537e+00 9.932682853036834958e-01 1.003403675970047537e+00 1.003857499432720513e+00 1.006126616746085611e+00 9.996218137811055948e-01 1.003101126994932146e+00 1.003554950457605122e+00
9.935505309106286154e-01 1.002461975319830279e+00 1.001857809597172411e+00 9.917380337426555670e-01 1.001857809597172411e+00 1.002310933889165812e+00 1.004576555349132150e+00 9.980817738305616249e-01 1.001555726735843699e+00 1.002008851027836878e+00 1.002159892458501345e+00
1.001599661958227694e+00 1.000996015936254979e+00 9.908849450682120086e-01 1.000996015936254979e+00 1.001448750452734515e+00 1.003712423035132195e+00 9.972232282989255125e-01 1.000694192925268622e+00 1.001146927441748158e+00 1.001297838947241337e+00 1.017143547024025096e+00
9.994424940105773869e-01 9.893471152831978532e-01 9.994424940105773869e-01 9.998945258938929381e-01 1.002154685310470583e+00 9.956755616496147931e-01 9.991411394217004638e-01 9.995931713050159040e-01 9.997438485994544211e-01 1.015564964515496937e+00 1.015866319104374194e+00
9.894791491700895003e-01 9.908534257661589795e-01 1.002611125532532066e+00 9.972667165478170670e-01 9.983355983447599336e-01 9.916169127639754555e-01 1.000931454137335974e+00 1.007497442318557201e+00 1.012536456504145699e+00 1.008871718914626792e+00 1.018491655087113701e+00
9.969783932340304800e-01 9.916640094747871670e-01 9.927268862266357408e-01 9.860459466435871345e-01 9.953081583382682451e-01 1.001837258385338325e+00 1.006847963072625030e+00 1.003203814209143951e+00 1.012769704975781782e+00 1.012617865439803255e+00 1.009125556112300703e+00
9.891841200375117715e-01 1.003813691778680850e+00 9.940606439512347237e-01 1.003188496405126529e+00 9.943107221006565188e-01 1.011691153485464234e+00 9.966864645201626294e-01 1.017067833698030555e+00 9.965614254454516763e-01 9.934354485776805133e-01 9.894341981869333447e-01
1.003788589219400507e+00 9.940357852882703016e-01 1.003163409480225310e+00 9.942858571839403581e-01 1.011665853933005677e+00 9.966615401928053952e-01 1.017042399689910726e+00 9.965365042449703115e-01 9.934106055490952158e-01 9.894094552183750890e-01 1.002538229741050335e+00
9.941600910375528732e-01 1.003288856653369310e+00 9.944101942051095655e-01 1.011792364350294404e+00 9.967861742968974204e-01 1.017169582452761567e+00 9.966611227131190187e-01 9.935348331186613091e-01 9.895331824377554542e-01 1.002663598734477857e+00 1.002663598734477857e+00
1.002436434060098636e+00 9.935653151746111078e-01 1.010932716936340459e+00 9.959392765665021630e-01 1.016305366402199040e+00 9.958143312300867800e-01 9.926906978197038711e-01 9.886924470544136145e-01 1.001811707378021943e+00 1.001811707378021943e+00 9.949397138751795433e-01
9.943107221006565188e-01 1.011691153485464234e+00 9.966864645201626294e-01 1.017067833698030555e+00 9.965614254454516763e-01 9.934354485776805133e-01 9.894341981869333447e-01 1.002563301031572207e+00 1.002563301031572207e+00 9.956861519224756707e-01 1.013316661456705292e+00
9.777253186351477776e-01 9.885540407376525174e-01 9.962424334304308404e-01 9.908280723791784705e-01 1.011186069931887310e+00 1.005338559996534764e+00 1.001548507260658027e+00 1.000682209492457897e+00 1.004905411112434699e+00 1.022989377023617363e+00 1.016708718204164752e+00
9.847152857928743730e-01 9.923738229044193337e-01 9.869804869103736555e-01 1.007259430247985588e+00 1.001434627374416131e+00 9.976592921785841783e-01 9.967963584195369542e-01 1.001003160494892574e+00 1.019016902715005557e+00 1.012760632961912322e+00 9.880591541091827690e-01
9.920420970907288805e-01 9.866505639543662332e-01 1.006922728547089640e+00 1.001099872759818155e+00 9.973257995643641793e-01 9.964631542625462801e-01 1.000668550108909205e+00 1.018676270784360405e+00 1.012422092346179747e+00 9.877288705816387182e-01 9.853565960016390513e-01
1.007087867050258101e+00 1.027124618953481727e+00 1.018820617496263292e+00 1.004141285888019430e+00 9.918192192095663939e-01 9.998553496520357076e-01 9.997482012461360590e-01 9.868903925381851128e-01 9.818008432579545808e-01 9.827116047081010386e-01 9.926228322538133142e-01
1.028612510529167912e+00 1.020296479904714504e+00 1.005595883833100057e+00 9.932559674226207891e-01 1.001303738994672621e+00 1.001196435373711724e+00 9.883200008584290819e-01 9.832230788627963625e-01 9.841351596409622093e-01 9.940607445798259612e-01 9.691126527064657381e-01
1.000736000539359294e+00 9.827011781626954212e-01 9.752288062745451125e-01 9.934883616403261675e-01 9.913533982437117142e-01 9.991066863682587229e-01 1.013545780919045569e+00 1.024894796869469493e+00 1.017647157970436478e+00 1.001297833012152472e+00 1.008601655158464894e+00
9.732657501065332672e-01 9.914885504743534694e-01 9.893578845851930259e-01 9.970955659721443265e-01 1.011505595801466706e+00 1.022831767107004408e+00 1.015598717114854166e+00 9.992823020162827641e-01 1.006571422163410778e+00 9.930024446587569775e-01 9.933388655886243868e-01
9.853688501703243841e-01 9.930753336683977306e-01 1.007427263081476454e+00 1.018707767911989803e+00 1.011503881163790641e+00 9.952532529178533816e-01 1.002512983749371811e+00 9.889987155860836543e-01 9.893337800859998143e-01 1.007818171664712104e+00 1.000390908583235650e+00
9.915857677359636302e-01 1.005916169935150650e+00 1.017179754543072079e+00 1.009986673283557845e+00 9.937604202097702899e-01 1.001009261789125526e+00 9.875152643875564351e-01 9.878498263066035623e-01 1.006306492174039002e+00 9.988903696351602024e-01 1.014726300470059517e+00
1.003593800416124227e+00 1.014831380664686034e+00 1.007654906149515250e+00 9.914661148013395042e-01 9.986982209018991918e-01 9.852353772377804297e-01 9.855691667501138564e-01 1.003983221513846669e+00 9.965842206571202677e-01 1.012383590907573572e+00 1.011437853955961863e+00
1.014035965424275210e+00 1.006865115761972129e+00 9.906890130353817048e-01 9.979154506795631097e-01 9.844631590650101405e-01 9.847966869562799763e-01 1.003196308958003380e+00 9.958031073681870016e-01 1.011590094221629155e+00 1.010645098529697750e+00 1.018427415992662288e+00
9.991415387917158553e-01 1.007350574095932982e+00 1.007135958793861974e+00 1.005526344028329300e+00 9.935078871123511624e-01 1.008960188861465879e+00 9.965125013413456134e-01 9.995707693958579831e-01 9.915226955681940568e-01 9.907715420109453053e-01 9.755338555639017084e-01
9.740235470005607077e-01 9.824598873374803532e-01 9.870518194196011841e-01 1.002482846997891031e+00 1.000560642870491623e+00 9.993325680113196441e-01 1.013535520730437733e+00 1.012200656753077022e+00 1.015350935739648186e+00 1.013001575139493404e+00 1.015404330298742552e+00
9.937514513098730795e-01 9.923793037934600658e-01 1.006311878575499641e+00 9.931709273606214028e-01 9.966540710561313521e-01 9.975512444322475192e-01 1.000189989656118605e+00 1.007472926474002994e+00 1.003356483924763953e+00 1.009161723417280498e+00 1.032541006100778924e+00
9.890961001093430127e-01 9.802164700165088007e-01 9.765806456223605769e-01 9.800824715744639315e-01 1.001817018874127552e+00 9.989673186733084576e-01 1.016824844383142912e+00 1.011018245227869095e+00 1.016538981040114198e+00 1.028857904478764240e+00 1.007891614913490885e+00
9.783775590270347156e-01 9.747485555317783046e-01 9.782438119694699674e-01 9.999375847064698730e-01 9.970932306155931846e-01 1.014917255153719999e+00 1.009121549325914913e+00 1.014631928097581959e+00 1.026927740923033072e+00 1.006000784649404345e+00 1.014979670447250015e+00
9.711937812326485453e-01 9.746762909494723903e-01 9.962909494725152859e-01 9.934569683509161253e-01 1.011215991116046542e+00 1.005441421432537563e+00 1.010931704608550863e+00 1.023182676290949500e+00 1.002332037756801686e+00 1.011278178789561277e+00 1.015018323153803470e+00
9.704234546126778715e-01 9.919438012025920681e-01 9.891221856817606906e-01 1.006803719932988894e+00 1.001054346614680624e+00 1.006520673861933668e+00 1.018718190486467723e+00 9.979585302125145718e-01 1.006865636261032204e+00 1.010589461133351907e+00 1.000302505488440241e+00
9.889887965458367125e-01 9.861755866292276629e-01 1.003804447517320009e+00 9.980722016057341772e-01 1.003522244641672723e+00 1.015683424814098679e+00 9.949856076533418747e-01 1.003866179396367908e+00 1.007578910979102682e+00 9.973226002172961291e-01 9.991833754285954772e-01
9.851712460311585762e-01 1.002782153340874505e+00 9.970557452611770177e-01 1.002500237866181809e+00 1.014649032853724542e+00 9.939722947567244393e-01 1.002843822350963476e+00 1.006552772814890639e+00 9.963069072815242677e-01 9.981657874427798394e-01 1.003002399805478229e+00
9.775431022229477129e-01 9.746086388766873609e-01 9.882814040306687753e-01 9.832011143624558303e-01 1.004796930551339784e+00 1.002660274427344067e+00 1.009592944082883914e+00 1.026695363272806860e+00 1.015966231663042896e+00 1.016653996509822688e+00 1.026126810999469008e+00
9.698965218605439809e-01 9.835031808188999802e-01 9.784474537478543565e-01 9.999388567303681974e-01 9.978125310849645935e-01 1.004711682106102844e+00 1.021731413130471333e+00 1.011054155597757687e+00 1.011738595183188094e+00 1.021165609739849156e+00 1.017049846366127719e+00
9.788874012901538357e-01 9.738554017697379495e-01 9.952459412473183553e-01 9.931295948786236227e-01 9.999963667873499329e-01 1.016936220768533516e+00 1.006309073766933126e+00 1.006990301138830590e+00 1.016373072807764899e+00 1.012276625544754838e+00 1.002167211345796449e+00
9.715935504391867150e-01 9.929344088038516425e-01 9.908229778064134852e-01 9.976738011285734009e-01 1.014574311043690225e+00 1.003971846378442834e+00 1.004651491549291897e+00 1.014012471035788288e+00 1.009925538075081786e+00 9.998396037396795055e-01 9.949280346383426732e-01
9.906228414996219866e-01 9.885163259475703290e-01 9.953512004426394721e-01 1.012212365698332395e+00 1.001634583741677798e+00 1.002312646687617326e+00 1.011651833663022471e+00 1.007574415148106972e+00 9.975119610303662121e-01 9.926118261410442623e-01 1.001327195206185294e+00
9.874593145701704433e-01 9.942868805970688229e-01 1.011130016364483408e+00 1.000563545132378884e+00 1.001240883031872864e+00 1.010570083700901955e+00 1.006497025131945389e+00 9.964453307034558671e-01 9.915504354831135014e-01 1.000256485284608310e+00 1.009323781965833167e+00
9.793644326060823024e-01 9.829423194135297193e-01 9.938106767509757855e-01 9.954102026178347495e-01 9.981883264918526288e-01 1.005596656822567159e+00 1.005672423837313145e+00 1.014394049090290961e+00 1.011110811784633245e+00 1.013510100584921636e+00 1.008501059054495164e+00
9.800866774726707531e-01 9.909234600814395000e-01 9.925183390091436575e-01 9.952883918835770949e-01 1.002675199548733076e+00 1.002750746445308483e+00 1.011447033651105887e+00 1.008173334799502552e+00 1.010565653191058955e+00 1.005571163917459154e+00 1.018623988825774429e+00
9.871193674408648144e-01 9.887081237289950808e-01 9.914675425452210700e-01 9.988259927218238188e-01 9.989012495986299145e-01 1.007564152306539729e+00 1.004303020978272398e+00 1.006686155410467798e+00 1.001710839666060116e+00 1.014713555603125261e+00 1.015884218131221317e+00
9.858722768446751550e-01 9.886237810002801440e-01 9.959611254152269666e-01 9.960361664376524704e-01 1.004674221907976284e+00 1.001422444269533862e+00 1.003798743313011110e+00 9.988376979415414247e-01 1.011803119038407583e+00 1.012970423831694777e+00 1.021433383583025378e+00
9.851205831794213053e-01 9.924319276442765680e-01 9.925067027581215839e-01 1.001114149196292269e+00 9.978738942630039910e-01 1.000241772868099233e+00 9.952983070083392114e-01 1.008217785011577661e+00 1.009380953449168450e+00 1.017813924621700172e+00 1.017273882132819107e+00
9.864740436625553111e-01 9.974481966250247078e-01 9.924947392516230149e-01 9.935987787850706354e-01 1.003387929314972782e+00 1.002283889781525161e+00 9.986994414295986555e-01 1.002247088463743552e+00 1.011557821862484996e+00 1.011808070823400074e+00 1.019249297278836730e+00
9.941897146210844083e-01 9.892524392927886101e-01 9.903528721297044646e-01 1.000110043283691574e+00 9.990096104467758309e-01 9.954368718362557322e-01 9.989729293522119358e-01 1.008253246276868964e+00 1.008502677719903318e+00 1.015919595040716050e+00 1.016579854742865718e+00
9.870424374447352989e-01 9.881404119014575160e-01 9.978757854177280340e-01 9.967778109610058168e-01 9.932130538915142637e-01 9.967412118124483467e-01 1.006000796397472419e+00 1.006249670607662905e+00 1.013650018445970913e+00 1.014308803120004265e+00 1.029131458285754475e+00
9.839988570612187013e-01 9.936934270815261927e-01 9.926000545228449434e-01 9.890502382823262995e-01 9.925636087708888944e-01 1.001784384015767859e+00 1.002032215129069037e+00 1.009401546174580888e+00 1.010057569709789771e+00 1.024818099251987302e+00 1.018950333187064405e+00
9.801168516325439173e-01 9.927468006862818495e-01 9.952662294845341373e-01 1.000429746318451940e+00 1.000659381755792721e+00 9.970705079207823340e-01 1.007705909175904191e+00 1.009267430149820788e+00 1.006846416539000311e+00 1.009890726336888367e+00 1.006393706676814492e+00
9.901450109936130728e-01 9.926578368757198456e-01 9.978078211705579958e-01 9.980368547796042433e-01 9.944573866610826318e-01 1.005064914668621023e+00 1.006622343210134884e+00 1.004207674589048249e+00 1.007244005863260350e+00 1.003756151188357260e+00 1.008592032247932035e+00
9.895963466899954097e-01 9.955032431894340617e-01 9.888777621828093167e-01 9.801097126914550817e-01 9.862473473354029796e-01 9.995312719407254409e-01 1.007758734922086452e+00 1.010033153775106829e+00 1.017990323501471339e+00 1.024352103771513978e+00 1.033403631554693947e+00
9.911612349328788873e-01 9.845646517660463504e-01 9.758348451870541007e-01 9.819457097923487421e-01 9.951716949477392715e-01 1.003363272850432919e+00 1.005627771549494565e+00 1.013550235114038855e+00 1.019884267707066972e+00 1.028896316152898782e+00 1.037396390979812510e+00
9.800334518084884428e-01 9.713438218691198278e-01 9.774265628266778361e-01 9.905916788626385472e-01 9.987455571816852284e-01 1.000999634120844695e+00 1.008885636629730298e+00 1.015190518503031658e+00 1.024161091365251908e+00 1.032622046832532003e+00 1.036378841731131040e+00
9.659014126965976832e-01 9.719500722460732156e-01 9.850414245470328067e-01 9.931496169398851270e-01 9.953910643561783012e-01 1.003232881838688639e+00 1.009502437655277030e+00 1.018422748677221268e+00 1.026836297674611931e+00 1.030572043368434221e+00 1.035256343621035580e+00
9.822602541222411610e-01 9.848899464604402576e-01 9.903201696182064584e-01 1.011211275339770177e+00 9.881480803551000447e-01 1.000314220778230290e+00 1.005689531566985595e+00 9.992525816440154252e-01 1.022401195869369728e+00 1.015512744245641530e+00 1.022925914062142505e+00
9.809010476167328019e-01 9.863092778493474100e-01 1.007115772586957059e+00 9.841459857563015223e-01 9.962628521426315498e-01 1.001616392406601719e+00 9.952055127488393937e-01 1.018260372864052909e+00 1.011399820130769900e+00 1.018782965897766291e+00 1.012912909263265604e+00
9.831619932788502325e-01 1.003902095089490132e+00 9.810056041887252887e-01 9.930838060025150016e-01 9.984202632733018001e-01 9.920298405483528592e-01 1.015011133267268661e+00 1.008172472360664651e+00 1.015532058721624775e+00 1.009680733269207042e+00 1.017621817811773965e+00
1.000454546277700807e+00 9.776366853253991573e-01 9.896734088012958397e-01 9.949915398856814530e-01 9.886230628209518034e-01 1.011525434369373144e+00 1.004710258439439619e+00 1.012044570888393613e+00 1.006213339756138803e+00 1.014127153435627537e+00 1.008754694110879147e+00
9.768259053832029082e-01 9.888526464861889798e-01 9.941663671039074890e-01 9.878031715855272177e-01 1.010686549591911065e+00 1.003877025667502254e+00 1.011205255577295459e+00 1.005378860439138933e+00 1.013286110983780075e+00 1.007918107181544398e+00 1.000788915614980068e+00
9.864887225509868518e-01 9.917897403343671758e-01 9.854417564961535092e-01 1.008270430128554107e+00 1.001477184864721703e+00 1.008787896109678561e+00 1.002975429391465889e+00 1.010863777080468928e+00 1.005508605880459205e+00 9.983964571631430696e-01 9.876921318094159519e-01
9.916704018000835896e-01 9.853231817922022406e-01 1.008149108531445792e+00 1.001356680674670541e+00 1.008666512247728075e+00 1.002854744922976105e+00 1.010742143435139573e+00 1.005387616603846235e+00 9.982763236661061912e-01 9.875732863258018801e-01 9.751676297795919268e-01
9.869519260552898077e-01 1.009815584168272773e+00 1.003011928393481522e+00 1.010333843155546418e+00 1.004512468949657844e+00 1.012412905371935068e+00 1.007049527480381457e+00 9.999264795390145899e-01 9.892057500232011025e-01 9.767795868632193068e-01 9.883861776712333791e-01
1.009670771974645165e+00 1.002868091875346535e+00 1.010188956641199232e+00 1.004368417247113898e+00 1.012267720710515517e+00 1.006905111951989396e+00 9.997830854884190988e-01 9.890638933744666517e-01 9.766395121833649773e-01 9.882444385529391973e-01 9.958846496830636719e-01
1.004252566745024611e+00 1.011583538077608146e+00 1.005754963339109631e+00 1.013665171912786045e+00 1.008295159990152845e+00 1.001163301459195187e+00 9.904293113351900768e-01 9.779877780942127785e-01 9.896087252436416293e-01 9.972594838030786057e-01 1.026999695900448373e+00
1.009287698314753401e+00 1.003472351820034802e+00 1.011364607777152980e+00 1.006006783366904855e+00 9.988911109479013950e-01 9.881814821548327021e-01 9.757681855998534548e-01 9.873627584247274269e-01 9.949961532024739208e-01 1.024668868391364285e+00 1.036353741627646707e+00
1.000763680507775533e+00 1.008634632911027618e+00 1.003291270867629814e+00 9.961948057717916472e-01 9.855140854625731306e-01 9.731342960991055113e-01 9.846975717121213556e-01 9.923103616795687643e-01 1.021902981355869100e+00 1.033556313632537638e+00 1.047286952950796657e+00
1.003963864472049661e+00 9.986452463805012281e-01 9.915816434768943699e-01 9.809503832691813807e-01 9.686279220278636304e-01 9.801376506169897640e-01 9.877151874036002033e-01 1.017170770070163988e+00 1.028770138290046487e+00 1.042437193992710842e+00 1.041726052922042900e+00
9.948883303188811311e-01 9.878513007788362055e-01 9.772600355066365374e-01 9.649839315205342993e-01 9.764503603649732355e-01 9.839993903622463733e-01 1.013344160753855361e+00 1.024899892003624746e+00 1.038515532069684610e+00 1.037807066320729277e+00 1.021375423739913524e+00
9.852416819316742735e-01 9.746783957343088112e-01 9.624347216820504647e-01 9.738708595213568797e-01 9.813999471538802366e-01 1.010667197107120385e+00 1.022192401440502163e+00 1.035772072903894392e+00 1.035065478717561493e+00 1.018677243807652122e+00 1.020761399769021027e+00
1.010995805348786414e+00 9.823363964794025183e-01 9.882040588705961470e-01 9.942111388599277344e-01 9.948354872341973465e-01 1.005619135368426065e+00 1.002776228693353922e+00 1.015590524452634424e+00 1.004376500254588578e+00 1.001054724438086518e+00 1.000187910675750969e+00
9.833992440244985200e-01 9.892732549848690660e-01 9.952868343874797796e-01 9.959118582809901588e-01 1.006707173878613082e+00 1.003861191295541078e+00 1.016689351595358337e+00 1.005463194284732964e+00 1.002137824443531500e+00 1.001270072824385959e+00 9.956691305553549975e-01
9.880609154530506366e-01 9.940671253043257272e-01 9.946913832404320477e-01 1.005473469340753212e+00 1.002630974466638181e+00 1.015443414048470272e+00 1.004231014225202001e+00 1.000909719574849976e+00 1.000043031372294555e+00 9.944489529739829470e-01 9.954974638763750550e-01
9.933284318059869555e-01 9.939522258546283906e-01 1.004726299762716213e+00 1.001885917152882888e+00 1.014688835782280307e+00 1.003484767918332965e+00 1.000165941329444586e+00 9.992998971648259232e-01 9.937099757386510523e-01 9.947577074902526073e-01 9.945699636503703145e-01
9.938288388394995732e-01 1.004601575278053494e+00 1.001761545266989906e+00 1.014562874570589246e+00 1.003360197554667543e+00 1.000041782957518777e+00 9.991758463016934266e-01 9.935866187959119245e-01 9.946342204844279555e-01 9.944464999506476000e-01 9.923876295801538072e-01
1.004746380256705596e+00 1.001905940878889067e+00 1.014709115387853355e+00 1.003504823599024709e+00 1.000185930679955204e+00 9.993198692065484723e-01 9.937298360600139713e-01 9.947775887516179250e-01 9.945898411594807920e-01 9.925306740199122402e-01 9.942264587230862372e-01
1.002961048031545621e+00 1.015777705563666311e+00 1.004561614535083969e+00 1.001239226489860634e+00 1.000372252967110853e+00 9.947763329566343682e-01 9.958251890366044412e-01 9.956372437274769727e-01 9.935759080789806630e-01 9.952734786130363887e-01 9.971711199600343800e-01
1.016366174267999023e+00 1.005143585441208520e+00 1.001819272642786141e+00 1.000951796857796339e+00 9.953526349728625267e-01 9.964020986847732519e-01 9.962140444936216088e-01 9.941515146551843651e-01 9.958500686397796509e-01 9.977488093439881300e-01 1.005088989063132265e+00
9.946117116620163401e-01 9.956603941712650618e-01 9.954724799644054656e-01 9.934114854375583059e-01 9.951087750479029603e-01 9.970061023623241203e-01 1.004340818178456773e+00 1.007565668438111794e+00 1.009293266791498445e+00 1.007529297946461400e+00 1.002704146054195888e+00
9.950556841454696322e-01 9.929955525394151827e-01 9.946921315091069582e-01 9.965886644287982321e-01 1.003920309262109400e+00 1.007143809304523963e+00 1.008870684327245915e+00 1.007107454040887529e+00 1.002284322398478089e+00 9.913413880439656545e-01 9.947709012469856393e-01
1.002823990032562840e+00 1.002126925494344567e+00 1.001254130400273112e+00 1.001330280307809684e+00 1.007896745411528849e+00 1.004481714942779158e+00 9.822752303681144825e-01 9.863170331527407741e-01 1.004675018554217925e+00 1.006818931335628386e+00 1.015224709590612173e+00
1.000885755138432920e+00 1.000014041032577516e+00 1.000090096625706027e+00 1.006648428925463357e+00 1.003237628095170253e+00 9.810586470529044645e-01 9.850954439189458789e-01 1.003430692293111326e+00 1.005571949761185468e+00 1.013967317156503789e+00 1.014341744691904745e+00
9.986702314124527025e-01 9.987461848027784361e-01 1.005295704076243357e+00 1.001889486648562588e+00 9.797403095159082920e-01 9.837716817716538609e-01 1.002082291408620041e+00 1.004220671474711057e+00 1.012604757252964616e+00 1.012978681636106160e+00 1.009385502016854730e+00
9.976771467424611073e-01 1.004219655540705469e+00 1.000817084060440898e+00 9.786916149666455844e-01 9.827186721216755183e-01 1.001009682446116322e+00 1.003145773632697413e+00 1.011520885252216395e+00 1.011894409394132222e+00 1.008305075842909959e+00 1.006787634016376831e+00
1.003305595254963656e+00 9.999061208615188656e-01 9.778007908005441617e-01 9.818241824497323522e-01 1.000098543940393325e+00 1.002232690815179961e+00 1.010600179245013441e+00 1.010973363397981606e+00 1.007387296928053066e+00 1.005871236306619787e+00 1.006879999720111885e+00
9.995488416772363438e-01 9.774514101320600501e-01 9.814733641722002133e-01 9.997411960008953935e-01 1.001874580317839269e+00 1.010239078937551271e+00 1.010612129747071597e+00 1.007027344624337850e+00 1.005511825710661666e+00 1.006520228680146234e+00 9.984821495187644613e-01
9.950143119530044933e-01 9.971376093991300982e-01 1.005462559768502739e+00 1.005833846753617422e+00 1.002266010881029290e+00 1.000757657504000031e+00 1.001761292635638734e+00 9.937612183782417175e-01 9.938424374062355682e-01 1.004163055320600684e+00 1.001848313022775105e+00
9.964566308310218723e-01 1.004775895813815323e+00 1.005146929234650655e+00 1.001581529956310668e+00 1.000074206684166800e+00 1.001077156399862611e+00 9.930825456603001866e-01 9.931637092211078599e-01 1.003477278840891440e+00 1.001164117357870920e+00 1.002364178578385223e+00
1.004722571086899663e+00 9.898148625849626514e-01 9.783337709649274627e-01 9.792963037969223405e-01 9.861187365101022895e-01 9.869888661902256333e-01 1.016457771374581487e+00 1.013146658432519054e+00 1.013262162372358555e+00 1.031858296686499754e+00 1.026545115453888046e+00
9.876595381758307424e-01 9.762034466623280560e-01 9.771638835766055520e-01 9.839714604250049401e-01 9.848396953955117494e-01 1.014244431963033266e+00 1.010940528977918529e+00 1.011055781407631748e+00 1.029611422591473868e+00 1.024309810824661993e+00 1.034551910078517656e+00
9.716471626514041615e-01 9.726031168696095408e-01 9.793789203682490285e-01 9.802431029815066310e-01 1.009510597326081394e+00 1.006222114815455093e+00 1.006336829321639703e+00 1.024805864817367018e+00 1.019528997532873626e+00 1.029723293315815358e+00 1.033409452781214988e+00
9.666329702737006535e-01 9.733671817401018389e-01 9.742260597262228927e-01 1.003313900902201627e+00 1.000045604140855859e+00 1.000159614492995841e+00 1.018515281187531540e+00 1.013270804989092833e+00 1.023402524949265091e+00 1.027066057598029714e+00 1.028282168020856036e+00
9.674032185081973267e-01 9.682568340231502146e-01 9.971664497375319902e-01 9.939181783089497957e-01 9.940314901029702055e-01 1.012274688940239864e+00 1.007062346415305898e+00 1.017131987843910679e+00 1.020773073491763272e+00 1.021981732627979866e+00 1.016089519338923663e+00
9.635655896065780102e-01 9.923351370368642677e-01 9.891026036177310576e-01 9.892153664114218259e-01 1.007370176195623745e+00 1.002183087685851959e+00 1.012203941285165110e+00 1.015827385722426035e+00 1.017030188855126971e+00 1.011166523583210575e+00 1.010640297212654026e+00
9.876856357857308755e-01 9.844682481249363848e-01 9.845804825782199510e-01 1.002650229556868444e+00 9.974874447058260651e-01 1.007461346454289197e+00 1.011067813553133243e+00 1.012264981054824320e+00 1.006428789484080655e+00 1.005905028702090975e+00 9.903119219925655692e-01
9.971046578316077325e-01 9.899356796191346453e-01 9.865284878235290877e-01 9.940983121296028679e-01 9.917780299339529204e-01 1.005090745388728335e+00 1.000164963584674327e+00 1.008567314392841530e+00 1.010941556639553207e+00 1.015790252656376236e+00 1.016067761490407451e+00
9.872694604085500147e-01 9.849651171425529705e-01 9.981863823265291202e-01 9.932944376522033769e-01 1.001639069412790350e+00 1.003997002057066545e+00 1.008812390476708121e+00 1.009087992993571437e+00 1.015442162132367265e+00 9.973059853976600220e-01 9.968772703714280370e-01
9.840196897246925589e-01 9.972282643611699582e-01 9.923410152629019709e-01 1.000677637355409377e+00 1.003033306717328932e+00 1.007844073044106059e+00 1.008119411021473288e+00 1.014467481055217668e+00 9.963487124890247904e-01 9.959204089686758410e-01 9.901842011068587857e-01
9.966139005877900914e-01 9.917296623837222880e-01 1.000061148522116694e+00 1.002415366623607973e+00 1.007223169175029964e+00 1.007498337524554977e+00 1.013842496694158157e+00 9.957348905823633078e-01 9.953068509275467823e-01 9.895741769791102094e-01 9.856148101720566546e-01
9.928216759217385334e-01 1.001162336027595856e+00 1.003519146406131934e+00 1.008332242925934041e+00 1.008607714268879851e+00 1.014958859120129286e+00 9.968313143579489166e-01 9.964028033800333972e-01 9.906638170686634659e-01 9.867000905229440511e-01 9.824226327255364266e-01
1.002204532850450303e+00 1.004563796637589768e+00 1.009381903527559077e+00 1.009657661632549441e+00 1.016015417942048193e+00 9.978690026442140759e-01 9.974400455920069408e-01 9.916950850713757148e-01 9.877272323384596042e-01 9.834453217637491029e-01 9.834376618163881423e-01
1.006452593239511861e+00 1.011279759209603446e+00 1.011556035799306530e+00 1.017925746061907555e+00 9.997452115894960301e-01 9.993154480055134181e-01 9.935596857200306165e-01 9.895843725681905401e-01 9.852944110780774700e-01 9.852867367283633104e-01 9.919173748812395441e-01
1.012751816088561796e+00 1.013028494836866855e+00 1.019407477089462555e+00 1.001200478346813583e+00 1.000770089182783096e+00 9.950059485930885517e-01 9.910248488258061039e-01 9.867286427062870180e-01 9.867209571855005690e-01 9.933612471448288739e-01 1.000754718141210642e+00
1.014245294851364276e+00 1.020631939223768825e+00 1.002403071129520429e+00 1.001972165003189641e+00 9.962011008112577892e-01 9.922152191426969470e-01 9.879138526316438851e-01 9.879061578793877363e-01 9.945544238284932392e-01 1.001956775498677787e+00 9.971706395955023394e-01
1.022377613753383985e+00 1.004117567259251054e+00 1.003685924117135642e+00 9.979049891780898962e-01 9.939122901135222232e-01 9.896035666056200997e-01 9.895958586923678801e-01 9.962554957421487778e-01 1.003670508290631647e+00 9.988761862478495734e-01 9.989224337273618914e-01
9.954753228573834933e-01 1.000998874431518582e+00 9.991061889270945739e-01 1.008716396141393856e+00 1.001439213508057868e+00 9.986349488627278559e-01 9.987122013322961012e-01 9.997473844245117203e-01 9.979165008957424643e-01 9.992529686192744842e-01 9.984109167009798114e-01
9.868747179531577318e-01 9.865376025424630324e-01 1.000872669210866484e+00 1.004619247297904971e+00 1.004381734167642870e+00 1.002458643983907383e+00 1.003240138799608605e+00 1.004941039280840887e+00 1.006442735201207972e+00 9.996314715623997316e-01 9.947662832489649887e-01
9.857596838513542625e-01 1.000083446828675893e+00 1.003827070610562755e+00 1.003589744767539482e+00 1.001668171006284691e+00 1.002449049586555452e+00 1.004148608849497970e+00 1.005649120631194826e+00 9.988432279070693642e-01 9.939818759612653043e-01 9.917157969440087983e-01
9.994881403887835303e-01 1.003229535753279000e+00 1.002992351180069575e+00 1.001071921248600782e+00 1.001852335005611883e+00 1.003550882594401283e+00 1.005050501186305123e+00 9.982486597158832797e-01 9.933902015227247251e-01 9.911254714043391534e-01 9.877742829183493445e-01
1.004406082722824278e+00 1.004168619989153299e+00 1.002245937855236635e+00 1.003027266849896071e+00 1.004727806426507497e+00 1.006229183710362740e+00 9.994193653157334989e-01 9.945552093195695331e-01 9.922878232174209279e-01 9.889327045932951865e-01 9.784154035181251707e-01
1.000655574927549418e+00 1.000097461583892233e+00 1.002788067703313635e+00 1.007502875949729759e+00 1.010360083067257664e+00 1.005195452125953848e+00 1.002863038152461694e+00 9.995060280406141695e-01 9.978899983589802902e-01 9.731414200902478440e-01 9.723667254490521161e-01
1.008882679738288157e+00 1.013626143019608294e+00 1.016500715290796997e+00 1.011304695442001078e+00 1.008958105832867602e+00 1.005580692931150377e+00 1.003954841559107747e+00 9.790558496707650882e-01 9.782764466934457115e-01 9.738598298219692806e-01 9.685045771068394593e-01
1.017735566133710634e+00 1.020621792439096787e+00 1.015404706989127437e+00 1.013048603882689580e+00 1.009657498340209569e+00 1.008025055473606102e+00 9.830251185835108263e-01 9.822425557660153794e-01 9.778080331335413655e-01 9.724310692584923199e-01 9.715054573238202096e-01
9.962873815159456470e-01 1.003332435679489265e+00 9.888838216375707146e-01 9.864743297402167599e-01 1.003640917341088068e+00 1.002181882455147166e+00 1.012820331109208327e+00 1.007792913759365971e+00 1.002932243253631173e+00 9.956537435083369081e-01 9.997056918201501219e-01
9.927460249805120096e-01 9.984263606470236141e-01 9.899342183096424552e-01 9.852019557857581988e-01 9.974539779366364822e-01 9.902907586367842852e-01 1.005103388591682023e+00 1.004746848264540082e+00 1.018886913511420023e+00 1.017209553336001937e+00 1.007177805040508023e+00
9.969875301712246563e-01 9.885076258452597520e-01 9.837821829765921455e-01 9.960165487598546807e-01 9.888636523627619690e-01 1.003654935862632325e+00 1.003298909345129886e+00 1.017418597368802358e+00 1.015743654434188903e+00 1.005726362873554880e+00 9.920274334614760381e-01
9.889981785063750586e-01 9.842703906091881949e-01 9.965108277676582027e-01 9.893543817041082766e-01 1.004153005464480719e+00 1.003796802266747390e+00 1.017923497267759547e+00 1.016247723132968739e+00 1.006225460433110674e+00 9.925197328476015324e-01 9.989799635701273051e-01
9.941398615404991590e-01 9.870004425793652558e-01 1.001763856449221279e+00 1.001408500754323194e+00 1.015501584563348603e+00 1.013829797544169020e+00 1.003831380492264502e+00 9.901582625044822450e-01 9.966031226074061333e-01 9.957631909649198310e-01 1.009767435850220663e+00
9.854604070053888387e-01 1.000200785239623968e+00 9.998459840129791942e-01 1.013917078115134540e+00 1.012247899617056524e+00 1.002265083285556191e+00 9.886132997239807096e-01 9.950481037890350766e-01 9.942094827078752362e-01 1.008191876503369278e+00 1.002644075504926402e+00
9.984850216781968602e-01 9.981308290843639019e-01 1.012177785362508242e+00 1.010511470205158080e+00 1.000545778587769830e+00 9.869174135568825612e-01 9.933411792359422288e-01 9.925039967414281961e-01 1.006462404871114158e+00 1.000924120676636830e+00 1.004973186010680530e+00
9.974836453033946171e-01 1.011521493594879750e+00 1.009856258869184842e+00 9.998970289638218212e-01 9.862775005068106227e-01 9.926971010435471365e-01 9.918604613745990450e-01 1.005809818931868493e+00 1.000275125737288828e+00 1.004321565674605177e+00 9.920696212918360679e-01
1.012069430414642701e+00 1.010403293638496569e+00 1.000438668861352465e+00 9.868117627646602052e-01 9.932348407712523475e-01 9.923977478982127787e-01 1.006354661762161040e+00 1.000816970448207055e+00 1.004865602324542584e+00 9.926070211164726986e-01 9.961244209772254221e-01
9.602343911064593618e-01 9.868373059295558747e-01 9.873844299601948205e-01 9.863298285678039345e-01 1.000792933377737892e+00 1.006581347035222285e+00 1.010228840572815034e+00 1.018015446342198427e+00 1.019688535769224691e+00 1.023906941338788679e+00 1.013535372757981001e+00
9.816052535686061731e-01 9.821494768358072225e-01 9.811004667700430337e-01 9.954868905290956693e-01 1.001244614950207668e+00 1.004872770064880960e+00 1.012618092505335854e+00 1.014282311481849108e+00 1.018478351744906085e+00 1.008161771549269670e+00 1.024464807684117185e+00
9.779579924856437456e-01 9.769134592427842767e-01 9.912384865734285011e-01 9.969716389590481675e-01 1.000584310325329129e+00 1.008296578328998105e+00 1.009953694977444583e+00 1.014131827948882458e+00 1.003859275455196709e+00 1.020092735703245879e+00 1.013432854575841091e+00
1.013764459905407422e+00 9.950678468888121131e-01 9.944349468066094877e-01 9.981206590500243392e-01 1.002655201991922596e+00 9.969442094854596981e-01 9.947551197893708119e-01 9.974579754345416216e-01 1.002625418458642503e+00 1.004174162189208852e+00 1.007375892016821650e+00
9.961663292885655219e-01 9.976289293239997136e-01 9.885743796201007516e-01 9.868931434968956085e-01 9.904214776029944822e-01 9.990462943067915935e-01 1.000976323219529451e+00 1.017811301977902483e+00 1.013906009099784455e+00 1.008575812063434496e+00 1.001308046938906182e+00
9.971162403067771463e-01 9.880663438041363822e-01 9.863859716808317524e-01 9.899124925494712235e-01 9.985328768950341161e-01 1.000461913951383730e+00 1.017288241087434431e+00 1.013384955168726620e+00 1.008057497360760779e+00 1.000793467195443931e+00 1.000469449252385123e+00
9.877351355748863471e-01 9.860553267265874666e-01 9.895806654754839560e-01 9.981981601950086214e-01 1.000126550621755372e+00 1.016947237430058326e+00 1.013045259925937636e+00 1.007719587927070615e+00 1.000457992726352385e+00 1.000134083396859719e+00 9.932566597264699260e-01
9.855111743515037048e-01 9.890345676502807493e-01 9.976473068250689691e-01 9.995746330739725405e-01 1.016386037424760858e+00 1.012486213217995035e+00 1.007163480179030568e+00 9.999058922730029719e-01 9.995821616921323205e-01 9.927085333122532829e-01 9.958404384667217668e-01
9.880140218721350509e-01 9.966178739009219356e-01 9.985432114178531826e-01 1.015337268743273569e+00 1.011441468611357752e+00 1.006124227890770273e+00 9.988741288035758448e-01 9.985507322675287734e-01 9.916841965137853654e-01 9.948128699787988083e-01 9.884803145520167922e-01
9.965714045058318149e-01 9.984966522498700536e-01 1.015289926517204178e+00 1.011394308035126643e+00 1.006077315242020820e+00 9.988275542058766554e-01 9.985041727488701557e-01 9.916379571617335298e-01 9.947664847457957649e-01 9.884342245876697186e-01 9.852455330116063337e-01
9.996288190044669841e-01 1.016441134684492376e+00 1.012541099072198136e+00 1.007218077493255759e+00 9.999600961607236771e-01 9.996363480307455252e-01 9.927623470384198123e-01 9.958944219703009804e-01 9.895549818437531231e-01 9.863626747016435159e-01 9.889300726626326643e-01
1.004456807237982030e+00 1.004131603248107130e+00 9.972266906258814290e-01 1.000372850155833104e+00 9.940049022610751850e-01 9.907982396632397659e-01 9.933771829317820101e-01 9.945040525711156265e-01 1.009871831813571763e+00 1.011255839491411290e+00 1.011724738267509638e+00
1.003402337349834639e+00 9.965024395257584544e-01 9.996463141093463456e-01 9.932829910339113777e-01 9.900786573237161381e-01 9.926557275953591386e-01 9.937817788284230014e-01 1.009138396986716923e+00 1.010521399507862794e+00 1.010989957739070411e+00 1.010989957739070411e+00
9.957469045741920155e-01 9.988883955137093373e-01 9.925298970255517217e-01 9.893279927987360667e-01 9.919031091698308211e-01 9.930283066457636920e-01 1.008373281619559414e+00 1.009755235566510478e+00 1.010223438543073282e+00 1.010223438543073282e+00 1.002165816349647853e+00
9.982476291675409508e-01 9.918932095252901426e-01 9.886933592541330418e-01 9.912668237410778849e-01 9.923912994259892484e-01 1.007726430914176241e+00 1.009107498366114353e+00 1.009575401000104122e+00 1.009575401000104122e+00 1.001522947605470559e+00 9.977268988168100927e-01
9.932958241223823759e-01 9.876604060951236219e-01 9.892951702167336325e-01 9.892540957413162861e-01 9.848016226060769540e-01 1.001896819274772588e+00 1.007491162826614106e+00 1.010029565407405405e+00 1.013915210781885623e+00 1.022360122927689963e+00 1.025966461869332269e+00
9.844441642279646576e-01 9.860736048631025819e-01 9.860326641436267803e-01 9.815946901524470469e-01 9.986342175982865221e-01 1.004210343590894450e+00 1.006740480054500342e+00 1.010613472116913769e+00 1.019030884041143947e+00 1.022625479211121791e+00 1.019653182977176442e+00
9.826139176780261941e-01 9.825731206010551722e-01 9.781507174573955687e-01 9.951304608927379336e-01 1.000687022776192148e+00 1.003208282133001727e+00 1.007067685614461139e+00 1.015455564639704766e+00 1.019037547997761139e+00 1.016075680209664434e+00 1.016010404886510843e+00
9.793025939458602780e-01 9.748949109151959780e-01 9.918181367211228450e-01 9.973562034072528393e-01 9.998690706701223174e-01 1.003715628001310867e+00 1.012075587697847556e+00 1.015645648307555549e+00 1.012693639192922213e+00 1.012628581140809114e+00 1.020126521646846918e+00
9.709311884511993007e-01 9.877856078970362885e-01 9.933011579415415016e-01 9.958038084022640124e-01 9.996347264214283657e-01 1.007960696238977771e+00 1.011516241715538333e+00 1.008576234863621579e+00 1.008511441324185354e+00 1.015978896744205384e+00 1.013929801059536118e+00
9.835564516129032819e-01 9.890483870967744506e-01 9.915403225806452836e-01 9.953548387096775585e-01 1.003645161290322774e+00 1.007185483870967957e+00 1.004258064516129201e+00 1.004193548387096957e+00 1.011629032258064775e+00 1.009588709677419649e+00 1.011008064516129235e+00
9.863407227256789644e-01 9.888258361723140100e-01 9.926299095064837763e-01 1.000897536118590558e+00 1.004428166549247159e+00 1.001508761432326144e+00 1.001444421925617112e+00 1.008859550073829547e+00 1.006824813174157507e+00 1.008240282321755554e+00 9.997957220661990441e-01
9.874971588102583464e-01 9.912961206415346060e-01 9.995526381099321123e-01 1.003078524460736309e+00 1.000163042125105539e+00 1.000098789070876792e+00 1.007503953570743072e+00 1.005471950730758124e+00 1.006885517923791218e+00 9.984523045562644361e-01 1.003239157096307954e+00
9.859791766752927789e-01 9.842835976956274546e-01 9.889666253537502394e-01 9.918814063616510079e-01 9.933589823296448129e-01 9.987606125077210795e-01 1.018405106114984582e+00 1.007020504394375626e+00 1.013657484971922207e+00 1.017686503595031322e+00 1.010258252826974346e+00
9.818996360918292865e-01 9.865713213297870876e-01 9.894790426589300525e-01 9.909530398978029231e-01 9.963415871808958268e-01 1.015938501291157259e+00 1.004581473385087076e+00 1.011202379015434305e+00 1.015221639246022267e+00 1.007811379903054583e+00 1.013787915155752506e+00
9.838983023697625008e-01 9.853639861472860417e-01 9.907221415962659261e-01 1.010208527556456959e+00 9.989155541886520773e-01 1.005499117386053243e+00 1.009495708670120395e+00 1.002127243777651833e+00 1.008070070897447268e+00 1.005699347410305089e+00 1.014701689300668841e+00
9.823380522352902489e-01 9.876797534353765062e-01 1.007106299055420928e+00 9.958480050462708011e-01 1.002411350915435095e+00 1.006395669149878991e+00 9.990498319240503911e-01 1.004974409338794894e+00 1.002610966057441155e+00 1.011585662842040545e+00 1.011561709024999756e+00
9.848018024473157439e-01 1.004171742020746994e+00 9.929462529954540262e-01 9.994904742570078771e-01 1.003463182784398944e+00 9.961387502288884255e-01 1.002046064311702400e+00 9.996895077503641369e-01 1.008638053611661700e+00 1.008614169592458865e+00 1.005509247096101122e+00
1.002096655917233292e+00 9.908943639759715261e-01 9.974250618310901428e-01 1.001389560893990671e+00 9.940802640245147703e-01 9.999753708475050962e-01 9.976236840286302199e-01 1.006553738030033340e+00 1.006529903366328416e+00 1.003431397084702859e+00 1.008087101395042762e+00
9.903011294836928657e-01 9.968279175020345884e-01 1.000790043075212798e+00 9.934851221787719400e-01 9.993766996843796990e-01 9.970264207872638895e-01 1.005951128491176405e+00 1.005927308096948858e+00 1.002830656847370605e+00 1.007483573853147130e+00 1.005149175218849722e+00
9.900078311949342957e-01 9.922186257887629646e-01 9.871431396085645904e-01 9.935419887498577740e-01 9.994504151467452635e-01 1.002361813661153622e+00 1.005506746815755026e+00 1.006900170168907760e+00 1.014754718567404845e+00 1.008114550297912082e+00 1.000392338195524200e+00
9.911893245408026631e-01 9.861191035351570822e-01 9.925113146803116182e-01 9.984136118325893650e-01 1.001321990139508955e+00 1.004463660823988747e+00 1.005855638676765640e+00 1.013702038975379693e+00 1.007068759040079531e+00 9.993545577554161508e-01 9.960495824066440962e-01
9.856400570511399950e-01 9.920291629260860056e-01 9.979285928033173603e-01 1.000835558250068980e+00 1.003975702743351572e+00 1.005367004387652363e+00 1.013209592985974128e+00 1.006579535429612982e+00 9.988690816243250836e-01 9.955657117984709759e-01 1.002436721036247702e+00
9.903656789728769727e-01 9.962552163920026516e-01 9.991573072941803968e-01 1.002292186236639848e+00 1.003681154876987058e+00 1.011510592631792882e+00 1.004891652686451531e+00 9.971941281544717262e-01 9.938962975838151470e-01 1.000755785170781120e+00 9.931979334629703615e-01
9.959731314546452774e-01 9.988744006435543721e-01 1.002008391959916089e+00 1.003396967320383304e+00 1.011224188207038965e+00 1.004607122383136764e+00 9.969117773687039552e-01 9.936148805631255243e-01 1.000472425918728980e+00 9.929167141807677677e-01 9.944216506049613491e-01
9.990293981415032665e-01 1.002163875766065804e+00 1.003552666594770271e+00 1.011381102048195091e+00 1.004763009439898491e+00 9.970664703221606695e-01 9.937690619299848205e-01 1.000627671385710737e+00 9.930707872116417700e-01 9.945759571600703008e-01 9.904328604979010242e-01
1.003026130955293027e+00 1.004416116690467264e+00 1.012251287678125999e+00 1.005627500906596916e+00 9.979243397373626090e-01 9.946240942767531346e-01 1.001488604834820828e+00 9.939252187674477712e-01 9.954316837541730134e-01 9.912850223989601028e-01 9.917587046886006119e-01
1.005549111737871870e+00 1.013393120905023093e+00 1.006761862411881259e+00 9.990500119720259198e-01 9.957460437896281658e-01 1.002618297609015441e+00 9.950463799392381681e-01 9.965545442389680542e-01 9.924032053933199427e-01 9.928774220030288644e-01 9.849478983652744102e-01
1.015485143516852151e+00 1.008840195624773006e+00 1.001112425039846210e+00 9.978016362307797760e-01 1.004688076953638154e+00 9.971005280123893533e-01 9.986118057275867876e-01 9.944518969651361395e-01 9.949270925353786987e-01 9.869811993936192795e-01 9.922862515794409477e-01
1.004956317467069704e+00 1.001632816483313482e+00 1.008545698529526691e+00 1.000929016274988648e+00 1.002446096724044500e+00 9.982702154879836698e-01 9.987472356291816622e-01 9.907708332681665064e-01 9.960962548444912690e-01 9.976055152912324253e-01 9.937267941431309204e-01
1.002758866891718226e+00 1.009679520502045014e+00 1.002054275460802835e+00 1.003573061434109848e+00 9.993924856106771726e-01 9.998700420249645449e-01 9.918846724745877808e-01 9.972160809685156613e-01 9.987270381481458958e-01 9.948439564844332450e-01 9.977797541132481518e-01
1.010182501762356022e+00 1.002553458134252340e+00 1.004073000704942542e+00 9.998903422887129855e-01 1.000368136602177493e+00 9.923787890655596522e-01 9.977128534503014734e-01 9.992245633273282301e-01 9.953395472703062685e-01 9.982768073940627707e-01 9.992950575702983507e-01
1.003646172303204853e+00 1.005167371070563309e+00 1.000980153844947429e+00 1.001458468921281986e+00 9.934604135465103791e-01 9.988002916937842590e-01 1.000313649230383239e+00 9.964243987736315367e-01 9.993648603084740456e-01 1.000384220307219518e+00 9.956167520053947895e-01
1.005975110767912684e+00 1.001784528747863501e+00 1.002263228192101563e+00 9.942587456818957614e-01 9.996029148872389580e-01 1.001117488538679767e+00 9.972251127297955264e-01 1.000167937182077083e+00 1.001188116325534505e+00 9.964168169469022063e-01 1.005606276769893226e+00
1.001821479330015752e+00 1.002300196430967905e+00 9.942954186773438341e-01 9.996397850010868558e-01 1.001154414517213764e+00 9.972618951389810027e-01 1.000204828136636914e+00 1.001225044909157535e+00 9.964535695422914729e-01 1.005643368316304853e+00 1.001554653404894912e+00
9.941055203824271658e-01 1.010092324165721367e+00 1.011946733584924818e+00 1.007609808330336199e+00 1.006316208211295082e+00 9.938886741196978347e-01 9.898807569878709245e-01 9.958178581122562045e-01 9.935970532836133629e-01 9.967450628218579300e-01 9.858354525693666659e-01
1.010928368782118669e+00 1.012784313079842180e+00 1.008443798190005181e+00 1.007149127369415975e+00 9.947113071161244324e-01 9.907000726662060774e-01 9.966420878774656655e-01 9.944194449080147047e-01 9.975700600263274209e-01 9.866514199844789168e-01 9.862473030809422170e-01
1.005282458283072611e+00 1.003040546150931078e+00 1.006218475469556006e+00 9.952051764769822562e-01 9.947975560893199676e-01 9.936350831319132881e-01 9.979000001509703566e-01 9.962846156517168872e-01 1.007305463169988258e+00 1.000330625425547959e+00 9.979150972023652644e-01
9.986915582845815598e-01 9.970748924237295974e-01 1.008104481941691333e+00 1.001124111589227983e+00 9.987066673113185189e-01 9.997945172363777999e-01 9.994319005946913359e-01 1.002007989653338482e+00 1.000897476188173929e+00 9.941664047768699053e-01 9.921795677609630548e-01
9.995478420763092009e-01 9.984400551632669485e-01 9.917255099964582543e-01 9.897435510976134720e-01 9.923811389858098186e-01 9.880253509875883688e-01 1.003715230939659753e+00 1.001446905355810824e+00 1.015094538685878511e+00 1.019879876711606181e+00 1.013391410506643053e+00
9.970597686496232015e-01 9.903545059591044586e-01 9.883752870055618756e-01 9.910092285787173161e-01 9.866594622093348699e-01 1.002327651795934083e+00 1.000062462043020517e+00 1.013691228297261882e+00 1.018469950865701135e+00 1.011990454595738775e+00 9.969619365340487427e-01
9.903641949015423718e-01 9.883849565846926088e-01 9.910189239265078109e-01 9.866691150020244772e-01 1.002337457875336790e+00 1.000072245961375783e+00 1.013701145550025107e+00 1.018479914870175529e+00 1.012000355209310198e+00 9.969716901190102121e-01 9.971899331273320621e-01
9.877107710680821384e-01 9.903429417590871031e-01 9.859960998750846306e-01 1.001653755242720045e+00 9.993900884484557823e-01 1.013009691652484223e+00 1.017785201334736156e+00 1.011310061434864016e+00 9.962916475207583833e-01 9.965097416637272998e-01 9.964871802006616264e-01
9.932161616657861902e-01 9.999222130788470997e-01 1.002141187355940488e+00 9.999304011758105570e-01 1.003721490069885203e+00 1.004564864057119866e+00 1.001281437174778688e+00 1.000904784714460316e+00 9.945344452769006027e-01 9.997830154304684358e-01 1.002116623065050005e+00
