1.009381726616757291e+00 1.005861886904842573e+00 1.007621806760799821e+00 9.963853953727646040e-01 9.997698566342210214e-01 1.002477425643386155e+00 1.007892563661716423e+00 9.997698566342210214e-01 9.842013348315216126e-01 9.866381469397701443e-01 9.858258762370206707e-01
1.008236874601386779e+00 1.010000949886691979e+00 9.987380076805123519e-01 1.002130460152253155e+00 1.004844422129645976e+00 1.010272346084431172e+00 1.002130460152253155e+00 9.865251787822452156e-01 9.889677445618985097e-01 9.881535559686808190e-01 9.498866920874438069e-01
1.015928913639900122e+00 1.004599866235343919e+00 1.008012229911415147e+00 1.010742120852271997e+00 1.016201902733985696e+00 1.008012229911415147e+00 9.923153570014877634e-01 9.947722588482589279e-01 9.939532915660019841e-01 9.554618292999195184e-01 9.598296548052905885e-01
9.977496336612937666e-01 1.005730584048566190e+00 9.825727444002513300e-01 9.859744609587608455e-01 9.995813271927989074e-01 1.005338078291815096e+00 1.007169771823320126e+00 1.013188193426836969e+00 1.011618170399832595e+00 9.910770357965250632e-01 9.995813271927989074e-01
1.005546398765141403e+00 9.823928001465086490e-01 9.857938937289066894e-01 9.993982680584987399e-01 1.005153964890249219e+00 1.006985322973078967e+00 1.013002642388090901e+00 1.011432906888522609e+00 9.908955341025036390e-01 9.993982680584987399e-01 1.002668550349266052e+00
9.826755992881817114e-01 9.860776719355176523e-01 9.996859625248613046e-01 1.005443316235737461e+00 1.007275201507379814e+00 1.013294253114204846e+00 1.011724065738511591e+00 9.911807809065215080e-01 9.996859625248613046e-01 1.002957186224222808e+00 9.983774730451167034e-01
9.845317725752509297e-01 9.981187290969900650e-01 1.003867056856187379e+00 1.005696070234113781e+00 1.011705685618729200e+00 1.010137959866220791e+00 9.896268812709030360e-01 9.981187290969900650e-01 1.001384824414715879e+00 9.968122909698997614e-01 9.931542642140469557e-01
9.972588434930167445e-01 1.003002219031458031e+00 1.004829656702780349e+00 1.010834094765696411e+00 1.009267719618848869e+00 9.887743114475918693e-01 9.972588434930167445e-01 1.000522125048949329e+00 9.959535308706436441e-01 9.922986555279991183e-01 1.001174781360135935e+00
1.002609603340292477e+00 1.004436325678496944e+00 1.010438413361169241e+00 1.008872651356993888e+00 9.883872651356995220e-01 9.968684759916494054e-01 1.000130480167014779e+00 9.955636743215032780e-01 9.919102296450942324e-01 1.000782881002087787e+00 9.994780793319417711e-01
1.004750965855695899e+00 1.010754933695311664e+00 1.009188681215412053e+00 9.886968779367234506e-01 9.971807455361805239e-01 1.000443771535971749e+00 9.958755351362640340e-01 9.922209460164979067e-01 1.001096376735929772e+00 9.997911663360133927e-01 1.000574292575963309e+00
1.008772506674733060e+00 1.007457288282719077e+00 1.008246419317927467e+00 1.006142069890705093e+00 9.989083687346281826e-01 9.994344560914337761e-01 9.932529296489680526e-01 9.929898859705652558e-01 9.897018399905301855e-01 9.950942353977876298e-01 1.002854023910670245e+00
1.008053903247881244e+00 1.008843501605516613e+00 1.006737905985155557e+00 9.994999210401642742e-01 1.000026319945254594e+00 9.938411328104438391e-01 9.935779333578985684e-01 9.902879402010843490e-01 9.956835289782597354e-01 1.003447912828341337e+00 9.955519292519872110e-01
1.010106333917488941e+00 1.007998102591806777e+00 1.000751057409774214e+00 1.001278115241194699e+00 9.950851857220033292e-01 9.948216568062929754e-01 9.915275453599144972e-01 9.969298881319752503e-01 1.004703991145428299e+00 9.967981236741200179e-01 9.950851857220033292e-01
1.009514509296771001e+00 1.002256561844310445e+00 1.002784412568125783e+00 9.965821665632960125e-01 9.963182412013883438e-01 9.930191741775425962e-01 9.984296440966495823e-01 1.006215442272925253e+00 9.982976814156956369e-01 9.965821665632960125e-01 9.959223531585268407e-01
1.003620698768433961e+00 1.004149267931708778e+00 9.979385802632275704e-01 9.976742956815899399e-01 9.943707384111211134e-01 9.997885723346899844e-01 1.007584967492996419e+00 9.996564300438712802e-01 9.979385802632275704e-01 9.972778688091337163e-01 9.955600190284898954e-01
9.989173774127961813e-01 1.006706978954873266e+00 9.987853502680151818e-01 9.970689973858626320e-01 9.964088616619578564e-01 9.946925087798051957e-01 9.925800744633096473e-01 9.941644002006813086e-01 1.000501703150167732e+00 1.020173747722531887e+00 1.016212933379102790e+00
9.882121807465616969e-01 9.880812049770790750e-01 9.984282907662080930e-01 1.000392927308447755e+00 9.993451211525866684e-01 9.996070726915520233e-01 1.005370006548788275e+00 1.003929273084479323e+00 1.004060248853961834e+00 1.012573673870333923e+00 1.011394891944989993e+00
9.972601316695018925e-01 9.968705769305685749e-01 9.977795379880797233e-01 9.954422095544793736e-01 9.975198348287909189e-01 9.980392411473687497e-01 1.002064640116347105e+00 1.003103452753502767e+00 1.006869148563192429e+00 1.005051226448169910e+00 1.002973601173858365e+00
9.963013431964182764e-01 9.972097852183505751e-01 9.948737914476672994e-01 9.969502303549413469e-01 9.974693400817599143e-01 1.001492440464603284e+00 1.002530659918240197e+00 1.006294205437674449e+00 1.004477321393809630e+00 1.002400882486535583e+00 1.006164428005969835e+00
9.962271978841190645e-01 9.938935058536774170e-01 9.959678987696256591e-01 9.964864969986126919e-01 1.000505633273262251e+00 1.001542829731236317e+00 1.005302666891392471e+00 1.003487573089937746e+00 1.001413180173989614e+00 1.005173017334145769e+00 1.013081640326198185e+00
1.009856257650904254e+00 1.008341851865873995e+00 1.005817842224157266e+00 9.937025959439163003e-01 9.929453930514012816e-01 9.919357891947145900e-01 9.974886104064916159e-01 1.001653226315324385e+00 9.979934123348349617e-01 1.000265021012380240e+00 1.001274624869066932e+00
9.961918497994710631e-01 9.954327500917243832e-01 9.944206171480622913e-01 9.999873483382041295e-01 1.004162396730810647e+00 1.000493414810035064e+00 1.002770713933275104e+00 1.003782846876937196e+00 1.000746448045950698e+00 1.002011614225528424e+00 1.000366898192077469e+00
1.001981997904384691e+00 9.983209826669865450e-01 1.000593336952268153e+00 1.001603272190170868e+00 9.985734664764623902e-01 9.998358855238409504e-01 9.981947407622487889e-01 9.975635312385595643e-01 9.990784340954137477e-01 1.004254352189666077e+00 1.005138045522831147e+00
9.980060072187586506e-01 1.000277644564476764e+00 1.001287261162573383e+00 9.982584113682828608e-01 9.995204321159040228e-01 9.978798051439966565e-01 9.972487947701861311e-01 9.987632196673312812e-01 1.003937504732577812e+00 1.004820919255912548e+00 1.006082940003533821e+00
9.994703790572747604e-01 1.000479180852941852e+00 9.974527754659403556e-01 9.987137777105243863e-01 9.970744747925651685e-01 9.964439736702732642e-01 9.979571763637739013e-01 1.003127285566568272e+00 1.004009987137777227e+00 1.005270989382361257e+00 1.008801795667196410e+00
9.953549264215310055e-01 9.947255126575108575e-01 9.962361056911592794e-01 1.001397298556124804e+00 1.002278477825753189e+00 1.003537305353793485e+00 1.007062022432306581e+00 1.006810256926698344e+00 9.976208159720036939e-01 9.949772781631188723e-01 9.937184506350784652e-01
9.948883237227105214e-01 9.963991640017122453e-01 1.001561201621635311e+00 1.002442525117719807e+00 1.003701558683554484e+00 1.007226852667892247e+00 1.006975045954725090e+00 9.977841009241306125e-01 9.951401304358774569e-01 9.938810968700425574e-01 9.913630297383727585e-01
9.967505478727425317e-01 1.001914405904430927e+00 1.002796040202524219e+00 1.004055517771228700e+00 1.007582054963601204e+00 1.007330159449860263e+00 9.981359731983174832e-01 9.954910703040379394e-01 9.942315927353334581e-01 9.917126375979244957e-01 9.922164286254062660e-01
1.002368891913006266e+00 1.003250926135934140e+00 1.004510975025830977e+00 1.008039111917542474e+00 1.007787102139563018e+00 9.985887452433154232e-01 9.959426425745319111e-01 9.946825936846349636e-01 9.921624959048410686e-01 9.926665154607998698e-01 9.941785741286761624e-01
1.004073294071654798e+00 1.005334375827585003e+00 1.008865404744189620e+00 1.008613188393003401e+00 9.994072915747127528e-01 9.967590198872592344e-01 9.954979381313290299e-01 9.929757746194685097e-01 9.934802073218406138e-01 9.949935054289569258e-01 9.949935054289569258e-01
1.006248027769012454e+00 1.009782265698958570e+00 1.009529820132533784e+00 1.000315556958030871e+00 9.976648785105711736e-01 9.964026506784474657e-01 9.938781950142000499e-01 9.943830861470495108e-01 9.958977595455980047e-01 9.958977595455980047e-01 1.003723572104765038e+00
1.011240216965267891e+00 1.002010342516847619e+00 9.993551731549733530e-01 9.980908067921760995e-01 9.955620740665815926e-01 9.960678206117004052e-01 9.975850602470571760e-01 9.975850602470571760e-01 1.005424131696400547e+00 9.970793137019383634e-01 9.988494266098545404e-01
9.998226815614155161e-01 9.972895610102084918e-01 9.977961851204498744e-01 9.993160574511741334e-01 9.993160574511741334e-01 1.007168731159916009e+00 9.988094333409327508e-01 1.000582617726777590e+00 1.001089241837018973e+00 9.988094333409327508e-01 9.957696886794843438e-01
9.971576659421500510e-01 9.994984116368499372e-01 1.006520648720949707e+00 1.000835980605250031e+00 9.978264504263499868e-01 1.001170372847349777e+00 1.006186256478849517e+00 1.001839157331549934e+00 1.001504765089449966e+00 9.874602909212506496e-01 9.817756228055509737e-01
1.005870773304531118e+00 1.002909255613818162e+00 9.982056686932738732e-01 9.968120133094090507e-01 9.982056686932738732e-01 9.982056686932738732e-01 9.964635994634427618e-01 9.995993240771388066e-01 1.003431876382767429e+00 1.000296151769071384e+00 9.989024963852063399e-01
1.003608597876680220e+00 9.989017310810104355e-01 9.975071038822935776e-01 9.989017310810104355e-01 9.989017310810104355e-01 9.971584470826142521e-01 1.000296358279727293e+00 1.004131583076198986e+00 1.000993671879085944e+00 9.995990446803688645e-01 1.002388299077802802e+00
9.861630069440889823e-01 9.963999931753424466e-01 1.016191499889099292e+00 1.002200952039719484e+00 9.923051986828411719e-01 9.929876644315913659e-01 1.003224650662844830e+00 1.003224650662844830e+00 1.002371568476907004e+00 1.004930815034720482e+00 1.003224650662844830e+00
9.870341456791800194e-01 9.877129862195370702e-01 9.978955943248930538e-01 9.978955943248930538e-01 9.970470436494467403e-01 9.995926956757857917e-01 9.978955943248930538e-01 1.010623854456588200e+00 1.012830086212748615e+00 1.011472405132034513e+00 1.010623854456588200e+00
9.968298099581263116e-01 9.959821655619034431e-01 9.985250987505721598e-01 9.968298099581263116e-01 1.009544475901469784e+00 1.011748351331649198e+00 1.010392120297692653e+00 1.009544475901469784e+00 9.856409039279840911e-01 9.849627884110058185e-01 9.807245664298913645e-01
9.975888066290837797e-01 1.000135841880051668e+00 9.984378183794064832e-01 1.011172994634245814e+00 1.013380425185084643e+00 1.012022006384568407e+00 1.011172994634245814e+00 9.872308632751477520e-01 9.865516538748897446e-01 9.823065951232765602e-01 9.661753718671467484e-01
1.003287512562385908e+00 1.001584138177729955e+00 1.014359446062649939e+00 1.016573832762702745e+00 1.015211133254978026e+00 1.014359446062649939e+00 9.903418672390003064e-01 9.896605174851379472e-01 9.854020815234979525e-01 9.692200248692659503e-01 9.525269558996372066e-01
1.006694173843072138e+00 1.019534660754335853e+00 1.021760345152288085e+00 1.020390693215086575e+00 1.019534660754335853e+00 9.953945453611600103e-01 9.947097193925593661e-01 9.904295570888047573e-01 9.741649403345374880e-01 9.573867041038196524e-01 9.454022496533068809e-01
9.996687529419969742e-01 1.002458201851496922e+00 1.002458201851496922e+00 1.008734461897871526e+00 1.011872591921058717e+00 1.003504245192559319e+00 1.002458201851496922e+00 1.005945012988371579e+00 9.839781028260605744e-01 9.789222266775921000e-01 9.792709077912796767e-01
1.004507180042626180e+00 1.004507180042626180e+00 1.010796268474197346e+00 1.013940812689982929e+00 1.005555361447888041e+00 1.004507180042626180e+00 1.008001118060165791e+00 9.859893085496663767e-01 9.809230984242339746e-01 9.812724922259881133e-01 9.835435519373887381e-01
9.940737207126213448e-01 1.000678861714034085e+00 1.003247527659027805e+00 9.995780048804652207e-01 1.000311909436177871e+00 9.992110526026091177e-01 1.004531860631524998e+00 1.012788286883290922e+00 9.981101957690402537e-01 9.874685797112087160e-01 9.929728638790527029e-01
1.000789034258766641e+00 1.003357983008239085e+00 9.996880562232783873e-01 1.000422041580270704e+00 9.993210635447824508e-01 1.004642457382975307e+00 1.012899792649136765e+00 9.982200855092941971e-01 9.875772978329084850e-01 9.930821880103494204e-01 9.875772978329084850e-01
1.004685346807533186e+00 1.001010564997703245e+00 1.001745521359669322e+00 1.000643086816720206e+00 1.005971520440973821e+00 1.014239779513091300e+00 9.995406522737712018e-01 9.888837850252641948e-01 9.943959577400092176e-01 9.888837850252641948e-01 9.837390904915019885e-01
1.003111708493675369e+00 1.003848207545433135e+00 1.002743458967796819e+00 1.008083077093038460e+00 1.016368691425310056e+00 1.001638710390160503e+00 9.909594741396773321e-01 9.964832170278583590e-01 9.909594741396773321e-01 9.858039807773748553e-01 9.858039807773748553e-01
1.005588653005515143e+00 1.004481989044026857e+00 1.009830864857885979e+00 1.018130844569046678e+00 1.003375325082538794e+00 9.926775734548205499e-01 9.982108932622610897e-01 9.926775734548205499e-01 9.875131416345427349e-01 9.875131416345427349e-01 9.779220539683126656e-01
1.008557228803108829e+00 1.003699413325361611e+00 1.007062516348417480e+00 1.000336310302305520e+00 9.954784948245579690e-01 9.999626321886327940e-01 9.902470012331376914e-01 9.962258510519039767e-01 9.988415978476140600e-01 9.995889540749597346e-01 1.002204700870669818e+00
1.004337421477714987e+00 1.007702662279390093e+00 1.000972180676039658e+00 9.961112772958421457e-01 1.000598265031409140e+00 9.908764582710142266e-01 9.968591085851035150e-01 9.994765180975174745e-01 1.000224349386778622e+00 1.002841758899192470e+00 1.000224349386778622e+00
1.008117308195862538e+00 1.001384057157819640e+00 9.965211536303443252e-01 1.001009987655706368e+00 9.912841806007555157e-01 9.972692926345714248e-01 9.998877791493658851e-01 1.000635918153592874e+00 1.003254404668387112e+00 1.000635918153592874e+00 1.000261848651479157e+00
1.002171308775082315e+00 9.973045822102425406e-01 1.001796945193171640e+00 9.920634920634920917e-01 9.980533093740641126e-01 1.000673854447439393e+00 1.001422581611260743e+00 1.004043126684636134e+00 1.001422581611260743e+00 1.001048218029350068e+00 1.003668763102725459e+00
9.971552627638868849e-01 1.001646953136697382e+00 9.919149573289415267e-01 9.979038778260220788e-01 1.000524030543494591e+00 1.001272645605629785e+00 1.003892798323102298e+00 1.001272645605629785e+00 1.000898338074562188e+00 1.003518490792034923e+00 1.022982482407546190e+00
9.990666417771140173e-01 9.893597162591001304e-01 9.953332088855703086e-01 9.979466119096508381e-01 9.986932984879596242e-01 1.001306701512040265e+00 9.986932984879596242e-01 9.983199551988051201e-01 1.000933358222885872e+00 1.020347209258913423e+00 1.022960612282994175e+00
9.983694970525526236e-01 1.003744781494687599e+00 1.001236315421691225e+00 1.002311372310118243e+00 1.002311372310118243e+00 9.983694970525526236e-01 1.002132196162047073e+00 1.004103133790829938e+00 9.940692694988444433e-01 9.933525649065597651e-01 9.962193832756984779e-01
1.003960644455993867e+00 1.001451638918260167e+00 1.002526927005860324e+00 1.002526927005860324e+00 9.985842040179931933e-01 1.002347712324593632e+00 1.004319073818527253e+00 9.942830516675925656e-01 9.935661929425257943e-01 9.964336278427928795e-01 9.946414810301259513e-01
1.002385778606920574e+00 1.003462069707787174e+00 1.003462069707787174e+00 9.995156690046103076e-01 1.003282687857642630e+00 1.005255888209231063e+00 9.952105046011445744e-01 9.944929772005669522e-01 9.973630868028774410e-01 9.955692683014334410e-01 9.941342135002783076e-01
1.004290766772589327e+00 1.004290766772589327e+00 1.000341106981921468e+00 1.004111236782104344e+00 1.006086066677438495e+00 9.960323872102834208e-01 9.953142672483438202e-01 9.981867470961024447e-01 9.963914471912532766e-01 9.949552072673740755e-01 9.870558876860379138e-01
1.006024638072115840e+00 1.002068159338189268e+00 1.005844798129664541e+00 1.007823037496627938e+00 9.977520007193597662e-01 9.970326409495549047e-01 9.999100800287744617e-01 9.981116806042622525e-01 9.966729610646526405e-01 9.887600035967988310e-01 9.876809639420917053e-01
1.003909698574851905e+00 1.007693277840837398e+00 1.009675152694448963e+00 9.995856079851539455e-01 9.988649262202042856e-01 1.001747653280002925e+00 9.999459488676287755e-01 9.985045853377296776e-01 9.905770859232834180e-01 9.894960632758590391e-01 9.828297569500747954e-01
1.009821976672805599e+00 1.011808038132380183e+00 1.001697179792727432e+00 1.000974975625609442e+00 1.003863792294081625e+00 1.002058281876286649e+00 1.000613873542050669e+00 9.926696277037520000e-01 9.915863214530750147e-01 9.849059329072330504e-01 9.859892391579101467e-01
1.014225214464111291e+00 1.004090201614362687e+00 1.003366272125095104e+00 1.006261990082166102e+00 1.004452166358996701e+00 1.003004307380461313e+00 9.950410829985159022e-01 9.939551887646145278e-01 9.872588409888877203e-01 9.883447352227894278e-01 9.885257175951064346e-01
1.006677311656263507e+00 1.005951516911017585e+00 1.008854695892001718e+00 1.007040209028886579e+00 1.005588619538394513e+00 9.976048773406879233e-01 9.965161852228190398e-01 9.898025838292930922e-01 9.908912759471621978e-01 9.910727246334737339e-01 9.892582377703585950e-01
1.007706848916678499e+00 1.010615093790897090e+00 1.008797440744510610e+00 1.007343318307401425e+00 9.993456449033005784e-01 9.982550530754689122e-01 9.915297368038387127e-01 9.926203286316707119e-01 9.928020939363093600e-01 9.909844408899228796e-01 9.911662061945613056e-01
1.012348831694726670e+00 1.010889590135527039e+00 1.002863761559929179e+00 1.001769330390529511e+00 9.950203381792313007e-01 9.961147693486310795e-01 9.962971745435310611e-01 9.944731225945315778e-01 9.946555277894313374e-01 9.955675537639311345e-01 9.973916057129306179e-01
9.968972440226320231e-01 9.950720934477095270e-01 9.952546085052016434e-01 9.961671837926628914e-01 9.979923343675852765e-01 1.000547545172476793e+00 9.994524548275233178e-01 1.000730060229968910e+00 1.012228508851980457e+00 1.005657966782259605e+00 9.998174849425076616e-01
9.946603976454719831e-01 9.964827875275633629e-01 9.990341333624913611e-01 9.979406994332365999e-01 9.992163723507003770e-01 1.010697428607876258e+00 1.004136825032347247e+00 9.983051774096547426e-01 9.997630893153278686e-01 9.997630893153278686e-01 9.932024857397989681e-01
9.966280871229380445e-01 9.991798049758499056e-01 9.980862116103162984e-01 9.993620705367720625e-01 1.010844800874874716e+00 1.004283240681673295e+00 9.984507427321607231e-01 9.999088672195389771e-01 9.999088672195389771e-01 9.933473070263374449e-01 9.933473070263374449e-01
9.995077214797527532e-01 9.984137692125366614e-01 9.996900468576219723e-01 1.011176545663390769e+00 1.004612832060094441e+00 9.987784199682752106e-01 1.000237022991230074e+00 1.000237022991230074e+00 9.936733093879336343e-01 9.936733093879336343e-01 9.991430707240139819e-01
9.879268479054522656e-01 9.841911327707119073e-01 9.923417839737819213e-01 9.942096415411522115e-01 9.923417839737819213e-01 9.947190572413440179e-01 1.010341138713894971e+00 1.012039191047867881e+00 1.006605423579154390e+00 1.025283999252856848e+00 1.026982051586829758e+00
1.002104658949583893e+00 1.004177429127204313e+00 9.973213431550751462e-01 9.915813642016646501e-01 9.901463694633120260e-01 9.925380273605663994e-01 9.968430115756243826e-01 1.008960744921713060e+00 1.007525750183360547e+00 1.008801301061896361e+00 1.006887974744092640e+00
1.003697328998533811e+00 9.968445209409065866e-01 9.911072862880092593e-01 9.896729776247850108e-01 9.920634920634922027e-01 9.963664180531652814e-01 1.008478357875948417e+00 1.007044049212723946e+00 1.008318990246701352e+00 1.006406578695735465e+00 1.013259386753362801e+00
9.958922430263660308e-01 9.901604891096674743e-01 9.887275506304928907e-01 9.911157814291172707e-01 9.954145968666412436e-01 1.007514966246337851e+00 1.006082027767163378e+00 1.007355750859763033e+00 1.005445166220863440e+00 1.012291427843586611e+00 1.012609858616736691e+00
9.885079395355490517e-01 9.870773925897667889e-01 9.894616374994039676e-01 9.937532783367508671e-01 1.005833452545578766e+00 1.004402905599796503e+00 1.005674502884936317e+00 1.003767106957226707e+00 1.010601942364852901e+00 1.010919841686138021e+00 1.009012445758428189e+00
9.852021840626730143e-01 9.894753501622221004e-01 1.001503521405396668e+00 1.000079132705547158e+00 1.001345255994302574e+00 9.994460710611695609e-01 1.006251483738228814e+00 1.006568014560417890e+00 1.004668829627284765e+00 1.005460156682756789e+00 1.024610271425179908e+00
9.855913232651261069e-01 9.975722798499228050e-01 9.961534823596179811e-01 9.974146356843335282e-01 9.955229056972603185e-01 1.002301604817605662e+00 1.002616893148784660e+00 1.000725163161711340e+00 1.001513383989658612e+00 1.020588328025979763e+00 1.017908377210959614e+00
9.943588051352159063e-01 9.929445780103397512e-01 9.942016687880076420e-01 9.923160326215059168e-01 9.990728955514701637e-01 9.993871682458871364e-01 9.975015320793854112e-01 9.982872138154277319e-01 1.017300711827652915e+00 1.014629393925109202e+00 9.836735335250398338e-01
9.940067011687719889e-01 9.952651366188987048e-01 9.933774834437086865e-01 1.000141573988139188e+00 1.000456182850671061e+00 9.985685296754810425e-01 9.993550518318101705e-01 1.018388888014975402e+00 1.015714712683456478e+00 9.847257397240881671e-01 9.768605181607966648e-01
9.833452605555919046e-01 9.905015939106109890e-01 9.865981393533278521e-01 9.901763060308373943e-01 9.991217227246113053e-01 1.001561381822913432e+00 9.957061999869887270e-01 1.020753366729555855e+00 1.009693578817253412e+00 1.022542450068310682e+00 1.021403942489103045e+00
9.958932238193017872e-01 1.008566478439425040e+00 1.007443531827515448e+00 1.011935318275153817e+00 9.991016427104721931e-01 1.008887320328542003e+00 1.006641427104722819e+00 9.833803901437371264e-01 9.907597535934291599e-01 9.873909137577001616e-01 9.843429158110883481e-01
1.011076764554353247e+00 1.015584750128799341e+00 1.002704791344667390e+00 1.012525759917568102e+00 1.010271767130344944e+00 9.869268418341059501e-01 9.943328181349818662e-01 9.909518289541471292e-01 9.878928387429158908e-01 9.877318392581141415e-01 9.956208140133949724e-01
1.017156862745097978e+00 1.004256965944272384e+00 1.014093137254902022e+00 1.011835655314757609e+00 9.884545923632611641e-01 9.958720330237359475e-01 9.924858101135191069e-01 9.894220846233231503e-01 9.892608359133127083e-01 9.971620227038183737e-01 1.007804437564499445e+00
1.005197068982213837e+00 1.015042448110009987e+00 1.012782852900351971e+00 9.893799025146068349e-01 9.968042867749121738e-01 9.934148939604249273e-01 9.903483004616031593e-01 9.901869008037703646e-01 9.980954840375738657e-01 1.008747861454533767e+00 1.000355079247231993e+00
1.015534168712052709e+00 1.013273478878697897e+00 9.898591913189510594e-01 9.972871721999742034e-01 9.938961374499418744e-01 9.908280583903888994e-01 9.906665805451492224e-01 9.985789949618912864e-01 1.009236532747707082e+00 1.000839684795246098e+00 1.013273478878697897e+00
9.841505617622424706e-01 9.911034559044292758e-01 9.966341671538959668e-01 1.000268634546402691e+00 9.991624922965092193e-01 1.003587061296082661e+00 1.011646097688162715e+00 1.005009244188802553e+00 1.003429040974669340e+00 1.005009244188802553e+00 1.014016402509362758e+00
9.881522561129316706e-01 9.936664986135619326e-01 9.972901436854045842e-01 9.961872951852784874e-01 1.000598689185782764e+00 1.008633728258129691e+00 1.002016637257373333e+00 1.000441139400050305e+00 1.002016637257373333e+00 1.010996975044113899e+00 1.012414923115704468e+00
9.929879053131911437e-01 9.918898144226393487e-01 9.962821779848463066e-01 1.004282554473151734e+00 9.976940091298414082e-01 9.961253078576246534e-01 9.976940091298414082e-01 1.006635606381476755e+00 1.008047437526471857e+00 1.008361177780915163e+00 1.017145904905328857e+00
9.894993818563089238e-01 9.938811599192501900e-01 1.001862255676750024e+00 9.952895885823382915e-01 9.937246678455736726e-01 9.952895885823382915e-01 1.004209636781897119e+00 1.005618065444985332e+00 1.005931049592338145e+00 1.014694605718220455e+00 9.976369696874853865e-01
1.006811620995150758e+00 9.819257405326999866e-01 9.940131681858903612e-01 9.947241933419603832e-01 1.003256495214800648e+00 1.005389570683010714e+00 1.012784232306138898e+00 9.960040386228864451e-01 1.007949261244862615e+00 9.971416788725985247e-01 9.829211757511980840e-01
9.842772226419398418e-01 9.963935968525936548e-01 9.971063247473379576e-01 1.005659059484270035e+00 1.007797243168503165e+00 1.015209613273844402e+00 9.983892349578777914e-01 1.010363063589582833e+00 9.995295995894688534e-01 9.852750416945819101e-01 9.527746496942397503e-01
9.995424126294115696e-01 1.000257392895956166e+00 1.008837156094491982e+00 1.010982096894125881e+00 1.018417891666190123e+00 1.001544357375736549e+00 1.013556025853686426e+00 1.002688325802208125e+00 9.883887204713150965e-01 9.557856203168793030e-01 9.612194703426186759e-01
1.004105420303169627e+00 1.012718190169958898e+00 1.014871382636656216e+00 1.022335783187873437e+00 1.005397335783188018e+00 1.017455213596692776e+00 1.006545705098760068e+00 9.921910886541114305e-01 9.594625631603125315e-01 9.649173174092791072e-01 9.660656867248509361e-01
1.016585253389818311e+00 1.018746667819421026e+00 1.026239571175377119e+00 1.009236444329169036e+00 1.021340365134944195e+00 1.010389198691623802e+00 9.959797691609389991e-01 9.631262698309773773e-01 9.686018530526376846e-01 9.697546074150924511e-01 9.732128705024567505e-01
1.023184462647254822e+00 1.030710006078323859e+00 1.013632811369359565e+00 1.025789458450317104e+00 1.014790587281831913e+00 1.000318388375930123e+00 9.673217748704738828e-01 9.728212104547167005e-01 9.739789863671887149e-01 9.774523141046052022e-01 9.729659324437756052e-01
1.035912204913383095e+00 1.018748818199008088e+00 1.030966822300766417e+00 1.019912437637270797e+00 1.005367194658986829e+00 9.722040406684993030e-01 9.777312330002473351e-01 9.788948524385100436e-01 9.823857107532981692e-01 9.778766854300300349e-01 9.658041337580544061e-01
1.025941496140268638e+00 1.038245763084269413e+00 1.027113331087316395e+00 1.012465394249219885e+00 9.790680982583601644e-01 9.846343142568368956e-01 9.858061492038845408e-01 9.893216540450276986e-01 9.847807936252177541e-01 9.726230060495978380e-01 9.544595643703583931e-01
1.014608554069741153e+00 1.018226771795992969e+00 1.013553240566251068e+00 1.001040237596297455e+00 9.823461126773305185e-01 9.936530430718669704e-01 9.897333072017608924e-01 9.950098747192113180e-01 9.919946932806682494e-01 9.998341650208802944e-01 1.016417662932867172e+00
9.966449575685811801e-01 1.001958373183950535e+00 9.989221356894537607e-01 1.006816353175145506e+00 1.023515659394877986e+00 1.016380501282810433e+00 1.001199313810326341e+00 9.867771857114664424e-01 9.878398688345404466e-01 9.799456513488485898e-01 9.805528988477479890e-01
1.010359536867763586e+00 1.027117611212675197e+00 1.019957343083485624e+00 1.004722730042656886e+00 9.902498476538695860e-01 9.913162705667276642e-01 9.833942717854966542e-01 9.840036563071298259e-01 9.951249238269348485e-01 9.937538086532601289e-01 9.987812309567337676e-01
9.841258103478026653e-01 9.872069806995490415e-01 9.785797037146590771e-01 9.928763341467624626e-01 1.001996598387931758e+00 1.001257117503512761e+00 1.013705045724568210e+00 1.015923488377825423e+00 1.010254134930612224e+00 1.014074786166777598e+00 1.023564790850156614e+00
9.833288320361412982e-01 9.747354464877605595e-01 9.889759139679343836e-01 9.980603501190796756e-01 9.973237742149327900e-01 1.009722801934739289e+00 1.011932529647179946e+00 1.006285447715387082e+00 1.010091089886812732e+00 1.019543813990031689e+00 1.007267548920916189e+00
9.939847417840376176e-01 9.932511737089202430e-01 1.005599569640062585e+00 1.007800273865414598e+00 1.002176251956181652e+00 1.005966353677621328e+00 1.015380477308294171e+00 1.003154342723004744e+00 1.001320422535211252e+00 9.713663928012520321e-01 9.745451877934273588e-01
9.951857704604752941e-01 1.007558217877573936e+00 1.009763208506363696e+00 1.004128232455012038e+00 1.007925716315705378e+00 1.017358176227750821e+00 1.005108228290029659e+00 1.003270736099371341e+00 9.732583636519542836e-01 9.764433501157618878e-01 9.891832959709919715e-01
1.008163365365758013e+00 1.010369680329476383e+00 1.004731319866640549e+00 1.008531084526377519e+00 1.017969209648950768e+00 1.005711904294959824e+00 1.003873308491861183e+00 9.738429103745832593e-01 9.770298097666209047e-01 9.897774073347714863e-01 9.694302804471464086e-01
1.014298370822463990e+00 1.008638086331643535e+00 1.012452625879805002e+00 1.021927449918787367e+00 1.009622483634394996e+00 1.007776738691736007e+00 9.776295712949747418e-01 9.808288625289167673e-01 9.936260274646847579e-01 9.731997834325933905e-01 9.720923364669981082e-01
1.016836034402427869e+00 9.959326558623902148e-01 9.947993401584123152e-01 9.975696674348029092e-01 1.006132497198191755e+00 9.896364575069572789e-01 9.897623814740659220e-01 9.891327616385227062e-01 1.009658368277234208e+00 1.010539836046994822e+00 1.013058315389168129e+00
9.940482931310004044e-01 9.968165288840235005e-01 1.005372893938822010e+00 9.888893083185483768e-01 9.890151372164130983e-01 9.883859927270897128e-01 1.008896103079033102e+00 1.009776905364085930e+00 1.012293483321379473e+00 1.006505354019604059e+00 1.011664338832056087e+00
9.950636202630224192e-01 1.003604938891889509e+00 9.871503397686307579e-01 9.872759473955258214e-01 9.866479092610502821e-01 1.007121952444952395e+00 1.008001205833218172e+00 1.010513358371120329e+00 1.004735407533945413e+00 1.009885320236644679e+00 9.920490372175397864e-01
1.030556797064289265e+00 1.008209639857919226e+00 1.005151607819152693e+00 1.002564042247888754e+00 9.902142974759473582e-01 9.849215497165438871e-01 9.850391663334195913e-01 9.926842464303355928e-01 1.001505492696008082e+00 9.991531603584954402e-01 9.948013455340969369e-01
1.008805150539670459e+00 9.963785267941677182e-01 9.910528309032379246e-01 9.911711797008141422e-01 9.988638515432682885e-01 1.007740011361484500e+00 1.005373035409960147e+00 1.000994129899640095e+00 9.988638515432682885e-01 1.000757432304487660e+00 1.000284037114183011e+00
9.972282763195298161e-01 9.918980384724721544e-01 9.920164882024067321e-01 9.997157206481567249e-01 1.008599450393252939e+00 1.006230455794560719e+00 1.001847815786979901e+00 9.997157206481567249e-01 1.001610916327110745e+00 1.001137117407372212e+00 1.000426419027764524e+00
1.004470868575338294e+00 1.002111571174104210e+00 9.977468709818214654e-01 9.956235033207110341e-01 9.975109412416982568e-01 9.970390817614513956e-01 9.963312925410812149e-01 1.006240341626263746e+00 1.007184060586757246e+00 9.957414681907728049e-01 1.005650517275955114e+00
9.973821372137448016e-01 9.952595457654299649e-01 9.971462937194877085e-01 9.966746067309733004e-01 9.959670762482015771e-01 1.005872503007004370e+00 1.006815876984033187e+00 9.953774675125586224e-01 1.005282894271361416e+00 1.004221598547204053e+00 1.005636659512747277e+00
9.944386841361109175e-01 9.963238759543784351e-01 9.958525779998116390e-01 9.951456310679612782e-01 1.005042888113865773e+00 1.005985484022999366e+00 9.945565086247526443e-01 1.004453765670657139e+00 1.003393345272881598e+00 1.004807239136582098e+00 9.950278065793195514e-01
9.962651837364656648e-01 9.957939135454834112e-01 9.950870082590099752e-01 1.004983682269637191e+00 1.005926222651601476e+00 9.944979205202821859e-01 1.004394594530909401e+00 1.003334236601199247e+00 1.004748047174145897e+00 9.949691907112644396e-01 9.913168467311519461e-01
9.962869098838922355e-01 9.955796546236812539e-01 1.005481228266635219e+00 1.006424235280249713e+00 9.949902752401721395e-01 1.004891848883125993e+00 1.003830965992809521e+00 1.005245476513231484e+00 9.954617787469793866e-01 9.918076265692225002e-01 9.939293923498556671e-01
9.958144196191711650e-01 1.005718328125921213e+00 1.006661557507516402e+00 9.952249012556741992e-01 1.005128809762424025e+00 1.004067676708129575e+00 1.005482520780522249e+00 9.956965159464717940e-01 9.920415020927901839e-01 9.941637682013795274e-01 9.826092082768378422e-01
1.007048156499769753e+00 1.007992633082653411e+00 9.965408545151883679e-01 1.006457858635467550e+00 1.005395322479723408e+00 1.006812037354048783e+00 9.970130928066303078e-01 9.933532460479558290e-01 9.954783183594442253e-01 9.839084802191185863e-01 9.780055015760953374e-01
1.010928638241945565e+00 9.994435037948306011e-01 1.009389393419136471e+00 1.008323762387960842e+00 1.009744603762861681e+00 9.999171175864641770e-01 9.962466107013037142e-01 9.983778727636549721e-01 9.867743348686314198e-01 9.808541624732112219e-01 9.799069348899440701e-01
1.002553595819229093e+00 1.012530435299008102e+00 1.011461488211889082e+00 1.012886750994714591e+00 1.003028683413504263e+00 9.993467545578714750e-01 1.001484648732110072e+00 9.898450026723676354e-01 9.839064077439276801e-01 9.829562325553773405e-01 9.796306193954509300e-01
1.014856789124068737e+00 1.013785386062236782e+00 1.015213923478012426e+00 1.005333206352229780e+00 1.001642818028142257e+00 1.003785624151806166e+00 9.921192352563035222e-01 9.861669960239043409e-01 9.852146377467204674e-01 9.818813837765768548e-01 9.827146972691127580e-01
1.017054411694453764e+00 1.018487555534323574e+00 1.008574977308555720e+00 1.004872689055558155e+00 1.007022404815363315e+00 9.953183967897577533e-01 9.893469641236324330e-01 9.883915348970524484e-01 9.850475326040222246e-01 9.858835331772798360e-01 9.966321119763053016e-01
9.920216234158831803e-01 9.887022393987173752e-01 9.844344599480753244e-01 9.991345891669531909e-01 1.000794281175536149e+00 1.009448389506004462e+00 1.005536258342916156e+00 1.003639467475964109e+00 1.003876566334332976e+00 1.012412125235617077e+00 1.016205706969520950e+00
9.863169223127593588e-01 9.820594391948626045e-01 9.967241032676181778e-01 9.983797911468004216e-01 1.007013020802535408e+00 1.003110327944463531e+00 1.001218113225398110e+00 1.001454640065281287e+00 1.009969606301075018e+00 1.013754035739205417e+00 1.008668708681717652e+00
9.798692563660821309e-01 9.945012153965967494e-01 9.961532107710098227e-01 1.004767186651877253e+00 1.000873197555046890e+00 9.989852028414319962e-01 9.992212021806338162e-01 1.007717178391900559e+00 1.011493167819130123e+00 1.006419182026290216e+00 1.011021169140726261e+00
9.854604200323101582e-01 1.002513013821575871e+00 9.958714772931249737e-01 1.007539041464727836e+00 1.011308562197092087e+00 1.020104110572608080e+00 1.013462574044157183e+00 9.964099802548913587e-01 9.917429545862501694e-01 9.755878657332615056e-01 9.793573864656255346e-01
1.003125224513255365e+00 9.964796321574824756e-01 1.008154321431137257e+00 1.011926144119548843e+00 1.020727063725842321e+00 1.014081471370069654e+00 9.970184639701128448e-01 9.923485882606509767e-01 9.761836338817443393e-01 9.799554565701559250e-01 9.697176521301817953e-01
1.018769664749918702e+00 1.027630103793714555e+00 1.020939568189215718e+00 1.003761165961448043e+00 9.990597085096379892e-01 9.827854327149109226e-01 9.865827637336805900e-01 9.762757223970199849e-01 9.867635890202887117e-01 9.974322809301653381e-01 1.000867961375718762e+00
1.029473035885730914e+00 1.022770501603173843e+00 1.005561291958770420e+00 1.000851403003460094e+00 9.845479412350778281e-01 9.883520823143671086e-01 9.780265565277249662e-01 9.885332318895713177e-01 9.992210568266218784e-01 1.002662898755502408e+00 1.005017843233157571e+00
1.025277838308999767e+00 1.008026440037771421e+00 1.003305004721435134e+00 9.869615747802715777e-01 9.907750417665430742e-01 9.804242028038060441e-01 9.909566354325560766e-01 1.001670661727318778e+00 1.005120941381564492e+00 1.007481659039732413e+00 1.004939347715551490e+00
1.010080791906252440e+00 1.005349734332920963e+00 9.889729965790815536e-01 9.927942353883107973e-01 9.824223014775457230e-01 9.929761991411312216e-01 1.003712060557537145e+00 1.007169371861125429e+00 1.009534900647790945e+00 1.006987408108304782e+00 1.008079190625227550e+00
1.005551005551005517e+00 9.891709891709891123e-01 9.929929929929929289e-01 9.826189826189825061e-01 9.931749931749931370e-01 1.003913003913003976e+00 1.007371007371007376e+00 1.009737009737009528e+00 1.007189007189007057e+00 1.008281008281008306e+00 1.003549003549003338e+00
1.047500733302275888e+00 1.044740065910934046e+00 9.705471297686216747e-01 9.645081698500613809e-01 9.826250496057422623e-01 1.001604637921217567e+00 9.814172576220301369e-01 9.938402608830685381e-01 1.011957140638749530e+00 1.001259554497299753e+00 1.005918180720189126e+00
1.049102501905883944e+00 9.745997643634346508e-01 9.685355880518399241e-01 9.867281169866239932e-01 1.005786956823064626e+00 9.855152817243050256e-01 9.979901587081569936e-01 1.016182687642941174e+00 1.005440432462401779e+00 1.010118511331346447e+00 1.013497123847806325e+00
9.780822632388868065e-01 9.719964180454003788e-01 9.902539536258595509e-01 1.009380895662531197e+00 9.890367845871622654e-01 1.001556237556620044e+00 1.019813773137079327e+00 1.009033133080046163e+00 1.013727927943592899e+00 1.017118613122821147e+00 1.010945827283713294e+00
9.688125547015138395e-01 9.870102860510056031e-01 1.006074576036187551e+00 9.857971039610394781e-01 9.982755483149767795e-01 1.016473279664468432e+00 1.005727952581911389e+00 1.010407369214637807e+00 1.013786947893829282e+00 1.007634381580429617e+00 1.004688082219083345e+00
9.869723097045107751e-01 9.866281170943259626e-01 9.916189099420037456e-01 9.852513466535874898e-01 9.857676355688643755e-01 9.948887397387579101e-01 1.014507718519283452e+00 1.024833496824823387e+00 1.015196103739652855e+00 1.014335622214191046e+00 1.030512674892870129e+00
9.842674364974973722e-01 9.779470798243964369e-01 9.784595411762694317e-01 9.875130250593600056e-01 1.006986556430535806e+00 1.017235783467996590e+00 1.007669838233033133e+00 1.006815735979911253e+00 1.022872858338599977e+00 1.010232144992398329e+00 9.929792794793390609e-01
1.005289293628584879e+00 9.816734872134966761e-01 9.857172896818336971e-01 9.915403652362391185e-01 9.886288274590364633e-01 9.889523316565033140e-01 1.013215146466525551e+00 1.012891642269058590e+00 1.010788864985523228e+00 1.021302751403199593e+00 1.014994419552593952e+00
9.803101473521652620e-01 9.861012804838813484e-01 9.832057139180233607e-01 9.835274435364519396e-01 1.007657164918602355e+00 1.007335435300173776e+00 1.005244192780387458e+00 1.015700405379319271e+00 1.009426677819960094e+00 1.021491538511035246e+00 1.017309053471462610e+00
9.994624894417568628e-01 9.980803194348459861e-01 9.993089149965447282e-01 9.874836827151962648e-01 9.884051293864701826e-01 9.927052138524149472e-01 1.001919680565154014e+00 1.003148276126852645e+00 1.010212700606619052e+00 1.019273592874145873e+00 1.018659295093296446e+00
9.815652807726178430e-01 9.906763446411755991e-01 9.918911531569833961e-01 9.988763021228774797e-01 1.007835514926959330e+00 1.007228110669055487e+00 9.970540893491660617e-01 1.007228110669055487e+00 1.007683663862483314e+00 1.009961429829622892e+00 1.003431834057156413e+00
1.004911277692459803e+00 1.007496160688491349e+00 1.001718186932656129e+00 1.004455121869630707e+00 9.944196937673910330e-01 9.965484209405933713e-01 9.963963689996502282e-01 9.974607325862515639e-01 9.927471224170176800e-01 1.003846914105858801e+00 1.019812367904876504e+00
1.005997115311622281e+00 1.000227738556137558e+00 1.002960601229788251e+00 9.929401047597358199e-01 9.950656646170196185e-01 9.949138389129279503e-01 9.959766188415699606e-01 9.912700220147271368e-01 1.002353298413421578e+00 1.018294997343050179e+00 1.017991345934866843e+00
9.990294795584132581e-01 1.001759068300376310e+00 9.917505762465123054e-01 9.938735897124834073e-01 9.937219458934853922e-01 9.947834526264710542e-01 9.900824942375349158e-01 1.001152493024384471e+00 1.017075094019167958e+00 1.016771806381171928e+00 1.015103724372194538e+00
1.000151400454201367e+00 9.901589704769114819e-01 9.922785768357305081e-01 9.921271763815290301e-01 9.931869795609387097e-01 9.884935654806964456e-01 9.995457986373960102e-01 1.015442846328538984e+00 1.015140045420136250e+00 1.013474640423921214e+00 1.014534443603330782e+00
9.887368659762642009e-01 9.908534280746843503e-01 9.907022450676542524e-01 9.917605261168643827e-01 9.870738528989340121e-01 9.981102124121248309e-01 1.013984428150275896e+00 1.013682062136215922e+00 1.012019049058885622e+00 1.013077330108095753e+00 9.958424673066746946e-01
9.901498670534203406e-01 9.899987913947304596e-01 9.910563210055596262e-01 9.863729755861735393e-01 9.974014986705342922e-01 1.013264442832970902e+00 1.012962291515591140e+00 1.011300459270002339e+00 1.012357988880831616e+00 9.951353637901863003e-01 9.786681169929900559e-01
9.911367898844455349e-01 9.921955351200919537e-01 9.875068062193720353e-01 9.985480065339706890e-01 1.014429185068667305e+00 1.014126686429911217e+00 1.012462943916752289e+00 1.013521689152398819e+00 9.962792667432998073e-01 9.797930909310907932e-01 9.876580555387500793e-01
9.833899294725035878e-01 9.879995697669059496e-01 9.956823035909099229e-01 9.970651956792305759e-01 1.008896605768196730e+00 1.003518692091393882e+00 1.004594274826754452e+00 9.978334690616309510e-01 1.007206404326915772e+00 1.013813555415559176e+00 1.018884159739401829e+00
9.845051445369914500e-01 9.921607055365014860e-01 9.935387065164132947e-01 1.005328270455658757e+00 9.999693777560018093e-01 1.001041156295933154e+00 9.943042626163642872e-01 1.003644047035766595e+00 1.010227829495345064e+00 1.015280499755021992e+00 1.011605830475257095e+00
9.879870278171103415e-01 9.997107142313371719e-01 9.943817658612340571e-01 9.954475555352546579e-01 9.887483061556965325e-01 9.980359018864476406e-01 1.004582895598288506e+00 1.009607332632957100e+00 1.005953196607743738e+00 1.015545303673929034e+00 1.015393048006211885e+00
1.009771986970684043e+00 9.947957617282564557e-01 1.015138467682553891e+00 9.946709598512362138e-01 9.915509129257303877e-01 9.875572528610829792e-01 1.000661449948207160e+00 1.000661449948207160e+00 9.937973467120945203e-01 1.011394411371947077e+00 1.012767232019169628e+00
9.873106305839700614e-01 1.007596357201433035e+00 1.001769605938970242e+00 9.979930078984851072e-01 9.971297854892314794e-01 1.001337994734343484e+00 1.019357762527515421e+00 1.013099400060425648e+00 9.883896585955372904e-01 9.860157969700894531e-01 9.897923950105745883e-01
1.007346357565885198e+00 1.001521052007033452e+00 9.977453909966665924e-01 9.968823827657256054e-01 1.001089547891562903e+00 1.019104844712456437e+00 1.012848035038134142e+00 9.881444244274479871e-01 9.857711517923601896e-01 9.895468128027270494e-01 9.743362927323919731e-01
1.004838028854999843e+00 1.001049863084865876e+00 1.000183996623120963e+00 1.004405095624127497e+00 1.022480058013053084e+00 1.016202526165402187e+00 9.914170986979533584e-01 9.890359659281546811e-01 9.928241316982888698e-01 9.775632353100344174e-01 9.587306397670819491e-01
1.009178820458777270e+00 1.013437880516984357e+00 1.031675394099563770e+00 1.025341407346332723e+00 1.000333080337885594e+00 9.979305336383840208e-01 1.001752767023954549e+00 9.863546268135133799e-01 9.673526665538197955e-01 9.666428232107853180e-01 9.746695133204834605e-01
1.016947295172239807e+00 1.035247963091826540e+00 1.028892042497000059e+00 1.003797114631219456e+00 1.001386248198699036e+00 1.005221717523163250e+00 9.897702553874645481e-01 9.707024936029849949e-01 9.699901921570130980e-01 9.780446777383879908e-01 9.534428816428957010e-01
1.041864260978891732e+00 1.035467719522685792e+00 1.010212409290425217e+00 1.007786134944967937e+00 1.011646116858195388e+00 9.960959040077643767e-01 9.769062796391470016e-01 9.761894258552619164e-01 9.842953878730399397e-01 9.595363610296228085e-01 9.594260758321020433e-01
1.044074883376980178e+00 1.018609642319004971e+00 1.016163199946622964e+00 1.020055267357230511e+00 1.004375795788783110e+00 9.850266606617625875e-01 9.843038481426498176e-01 9.924771897049257108e-01 9.675123573140286259e-01 9.674011553880114134e-01 9.470512029268346454e-01
9.924750864348180768e-01 9.874977253995269599e-01 9.785598835404559770e-01 1.006069169262387319e+00 1.026085653425816036e+00 1.017790051700330878e+00 1.003125568650118371e+00 9.908159660897210008e-01 9.988439677595454258e-01 9.987369277372810661e-01 9.858921250655621193e-01
9.881482195551698489e-01 9.792044900735313862e-01 1.006731896981089669e+00 1.026761566598651587e+00 1.018460500313298267e+00 1.003786357331448054e+00 9.914686460693111769e-01 9.995019360228787342e-01 9.993948254901645623e-01 9.865415615644563818e-01 9.814538112605302178e-01
1.026403566532454015e+00 1.011614978572739298e+00 9.992012003583803370e-01 1.007297142672092694e+00 1.007189196774576523e+00 9.942356890726367080e-01 9.891082589406189340e-01 9.900257990695063848e-01 1.000010794589751617e+00 9.749133734172432675e-01 9.627694599466747327e-01
1.026454735452645650e+00 1.026344736552634584e+00 1.013144868551314692e+00 1.007919920800792069e+00 1.008854911450885794e+00 1.019029809701903266e+00 9.934550654493456978e-01 9.810801891981082434e-01 9.556704432955671624e-01 9.680453195468047278e-01 9.674953250467497323e-01
1.032431894128842398e+00 1.019153738907207840e+00 1.013897802465310694e+00 1.014838338460176459e+00 1.025073583110186481e+00 9.993471573682696230e-01 9.868988868479872112e-01 9.613384380463406709e-01 9.737867085666230826e-01 9.732334520990549853e-01 9.719609622236483615e-01
1.004153721464271065e+00 1.000551578189022406e+00 1.002521500292674173e+00 9.844545004277543976e-01 9.769687964338781283e-01 9.952609302535008196e-01 9.931221576838218379e-01 1.000889279121077058e+00 1.015354135710747840e+00 1.026723400423251942e+00 1.019462830384078478e+00
9.990221642764015586e-01 1.000989075214674173e+00 9.829496920379444669e-01 9.754754304725081759e-01 9.937396034707547399e-01 9.916041001663444820e-01 9.993593490086768449e-01 1.013802095041136608e+00 1.025153981027739025e+00 1.017904509283819481e+00 1.001551049768466539e+00
9.895023110583863746e-01 9.873759135115777186e-01 9.950980940763041183e-01 1.009479256432352701e+00 1.020782738128546363e+00 1.013564178035432528e+00 9.972804494532920838e-01 1.004554967376585006e+00 9.910131724732241798e-01 9.913489194542992600e-01 1.009870961243606979e+00
1.004855192299537681e+00 9.903320188271211855e-01 9.944663528813127984e-01 9.980706441080439140e-01 9.966925327566467097e-01 1.010685663401602818e+00 9.974875969978374002e-01 1.000985879659076483e+00 1.001886952465759206e+00 1.004537166603061582e+00 1.011851757622015846e+00
9.800758902141993856e-01 9.961153797979925839e-01 9.977013068579632105e-01 9.887444233488111855e-01 9.850769670226292574e-01 9.886092591107453753e-01 1.010532898524997725e+00 1.007658405728801165e+00 1.025671293188353150e+00 1.019814176205507295e+00 1.025382942813813258e+00
9.916226299326599269e-01 9.932014040325120030e-01 9.842849184913019522e-01 9.806340033853940819e-01 9.841503638805190191e-01 1.005975121749496992e+00 1.003113593693515160e+00 1.021045238157175961e+00 1.015214538356585816e+00 1.020758188320839199e+00 1.033128242205475722e+00
9.921176681562624555e-01 1.008924057648168615e+00 9.983806390393052954e-01 9.990564992065401606e-01 1.008365346576587829e+00 1.004301174104282435e+00 9.942714092225173328e-01 9.893871930806337200e-01 9.980742490968254055e-01 1.007121763868875641e+00 1.008185117198658665e+00
1.002417096636404992e+00 1.010205707466896419e+00 1.004374843210772195e+00 1.012875361886488079e+00 1.007341125899207546e+00 1.002645924158084290e+00 9.841702205558305883e-01 9.859415150754962109e-01 9.895434297685961056e-01 1.000484775342224353e+00 1.002095043087374959e+00
1.010238242548034293e+00 1.004407190500809399e+00 1.012907982947562902e+00 1.007373568722508050e+00 1.002678215765876457e+00 9.842019171278679757e-01 9.859732686945393842e-01 9.895752993923162544e-01 1.000516997347210335e+00 1.002127316953275393e+00 1.004924187848019956e+00
1.004941221763083981e+00 1.013446533979273312e+00 1.007909177172521931e+00 1.003211327753011695e+00 9.847252054885126116e-01 9.864974988615768936e-01 9.901014447158943410e-01 1.001048960240421115e+00 1.002660136034116078e+00 1.005458493991586266e+00 1.012920781878172916e+00
1.012638493006293494e+00 1.007105551243683061e+00 1.002411447512463694e+00 9.839400645990014072e-01 9.857109448874937785e-01 9.893120172444761495e-01 1.000250804098274493e+00 1.001860695269631174e+00 1.004656822040935094e+00 1.012113160097745768e+00 1.012189418100599259e+00
1.007150779857831635e+00 1.002456465316726275e+00 9.839842528625573070e-01 9.857552126804111081e-01 9.893564467597789625e-01 1.000295724869105785e+00 1.001905688339882028e+00 1.004701940683861539e+00 1.012158613601140900e+00 1.012234875028703796e+00 1.021013412690410016e+00
1.001068720505471799e+00 9.826220799518017301e-01 9.843905881516719081e-01 9.879868368834653358e-01 9.989109712663957197e-01 1.000518705993550528e+00 1.003311087361766551e+00 1.010757437677009429e+00 1.010833593532506125e+00 1.019599978676360541e+00 1.016299891604832251e+00
9.811277075533948455e-01 9.828935262046641919e-01 9.864843057586809572e-01 9.973918267098236257e-01 9.989971163927958697e-01 1.001785251105326457e+00 1.009220277005408173e+00 1.009296317043022473e+00 1.018049370261755238e+00 1.014754301965127947e+00 1.017162236489586480e+00
1.000324579414371362e+00 9.989752043209179089e-01 1.002045944398452182e+00 1.007764377226924912e+00 1.011338397744720119e+00 1.000835153774056518e+00 9.916448152997254795e-01 9.925127917111901121e-01 9.966411501052149235e-01 9.979175860044275925e-01 9.841685478900514816e-01
9.712286190837677857e-01 9.590282802906545667e-01 9.704239410644354136e-01 9.779263802446813703e-01 1.007090041695338334e+00 1.018574453721251327e+00 1.032106061296348409e+00 1.031401968029432403e+00 1.015071737637098570e+00 1.017148516936993152e+00 1.027473245935044854e+00
9.930238321599337281e-01 9.947204594466690919e-01 9.966170463779128186e-01 1.003948900009876688e+00 1.007172491854674279e+00 1.008899416057244203e+00 1.007136135555672496e+00 1.002312866554810444e+00 9.913696205553665930e-01 9.947992314278391035e-01 9.928905257302615972e-01
9.947337198867366448e-01 9.966303321010405725e-01 1.003962283472630501e+00 1.007185918290552706e+00 1.008912865514439483e+00 1.007149561506891944e+00 1.002326228207895520e+00 9.913828363260017706e-01 9.948124929180016673e-01 9.929037617758108558e-01 9.726409143488714548e-01
9.988370433573312557e-01 1.006185228932417797e+00 1.009416001433199650e+00 1.011146772415761452e+00 1.009379564149356145e+00 1.004545551159464756e+00 9.935779287225997569e-01 9.970151791651610251e-01 9.951022217633821443e-01 9.747945089013246855e-01 9.656608964179111965e-01
9.775556852304503330e-01 9.815780683350421310e-01 9.998478489869131458e-01 1.001981460894566078e+00 1.010346851843971105e+00 1.010719942450773789e+00 1.007134774901028873e+00 1.005619094310892692e+00 1.006627604857406322e+00 9.985886681889538652e-01 9.986702817591919246e-01
9.795098727591196042e-01 9.977411587861245712e-01 9.998702751504779940e-01 1.008218040130934856e+00 1.008590344631805413e+00 1.005012731068752441e+00 1.003500244033965760e+00 1.004506629637881510e+00 9.964846310956864128e-01 9.965660727052517709e-01 1.006914974377888017e+00
1.004182670106742448e+00 1.004553484467223701e+00 1.000990190221972886e+00 9.994837568825172269e-01 1.000486114450693576e+00 9.924962237771961515e-01 9.925773394185514187e-01 1.002884819845057507e+00 1.000573024066431449e+00 1.001772376763613304e+00 1.002120015226564576e+00
1.004760731929936313e+00 1.001196702548425854e+00 9.996899584196571320e-01 1.000692522782260951e+00 9.927009837300609929e-01 9.927821161062253541e-01 1.003091723048838757e+00 1.000779450328151521e+00 1.001979050461440313e+00 1.002326760645002368e+00 1.014797965895426035e+00
1.000192785648411187e+00 9.986875523575137192e-01 9.996891114318415816e-01 9.917055856312745332e-01 9.917866366546305157e-01 1.002085905979654967e+00 9.997759518140088009e-01 1.000974349087915494e+00 1.001321710616583927e+00 1.013780410778164942e+00 1.012466226328035512e+00
1.006478280184652352e+00 1.006045622235528292e+00 1.000251096131188344e+00 9.962490101017906774e-01 9.919301566453558872e-01 9.919224306105499656e-01 9.985977246827498766e-01 1.006030170165916893e+00 1.001224576516717368e+00 1.001270932725552010e+00 9.972765727309602646e-01
1.006972208603285068e+00 1.001172345634714134e+00 9.971665736110876255e-01 9.928437424118461418e-01 9.928360092612212862e-01 9.995174514010151112e-01 1.006956742302035357e+00 1.002146722613433960e+00 1.002193121517182428e+00 9.981950826441808866e-01 9.933773298049546341e-01
1.002535280197247136e+00 9.985240549615296279e-01 9.941953389253016526e-01 9.941875952472402078e-01 1.000878133092143685e+00 1.008327551387047993e+00 1.003510983632962317e+00 1.003557445701329653e+00 9.995539641436732570e-01 9.947296527115264686e-01 1.005594033031433243e+00
9.982187245262510444e-01 9.938913321323979977e-01 9.938835908222121152e-01 1.000572082822729358e+00 1.008019223221453320e+00 1.003204128285895891e+00 1.003250576147010520e+00 9.992483187809602097e-01 9.944254825352170091e-01 1.005286540725871536e+00 1.013933584203391858e+00
9.923318964817620103e-01 9.923241673178486710e-01 9.990021649388121094e-01 1.006437620623264362e+00 1.001630080669283940e+00 1.001676455652762643e+00 9.976804779096630771e-01 9.928652087917694269e-01 1.003709225761921564e+00 1.012342701852912530e+00 1.011330181380289739e+00
9.904424964455404989e-01 9.971078310738825667e-01 1.004529187454050509e+00 9.997307636822579946e-01 9.997770507282881525e-01 9.957886502620232339e-01 9.909825119825589335e-01 1.001805966245943091e+00 1.010423071315223353e+00 1.009412470810231666e+00 9.949323399104654797e-01
1.000705108056071824e+00 9.988129780041812289e-01 1.008420364879903719e+00 1.001145317904879040e+00 9.983418762361595533e-01 9.984191060341958135e-01 9.994539853278830988e-01 9.976236391144213123e-01 9.989597146204503009e-01 9.981179098218541101e-01 9.995852759845447189e-01
9.989248408115597444e-01 1.008533303673769588e+00 1.001257441924411351e+00 9.984536862821428160e-01 9.985309247295881541e-01 9.995659199253568161e-01 9.977353687209004063e-01 9.990715938617060754e-01 9.982296947845511470e-01 9.996972252860139019e-01 9.772826278373543119e-01
1.010720726996880536e+00 1.003429084519579906e+00 1.000619247768772979e+00 1.000696653739869602e+00 1.001733893752564164e+00 9.998993722375745241e-01 1.001238495537545958e+00 1.000394770452592841e+00 1.001865483903428444e+00 9.794022710911920448e-01 9.742315522219384683e-01
1.007103923628159370e+00 1.004283796466062029e+00 1.004361485919563313e+00 1.005402524596480829e+00 1.003561284548499799e+00 1.004905312094072523e+00 1.004058497050908327e+00 1.005534596667432945e+00 9.829891172613534067e-01 9.777994617674659050e-01 9.752978613647239614e-01
1.006785323426069967e+00 1.004857631088839076e+00 1.005640996102375118e+00 1.007345967014188881e+00 1.008851256648042538e+00 1.002023692951634848e+00 9.971468617399150691e-01 9.948735671908300882e-01 9.915097056621161586e-01 9.809649981759882564e-01 9.830693316437224549e-01
1.007246415860974853e+00 1.008031643118830312e+00 1.009740667150633486e+00 1.011249535214747919e+00 1.004405740781085576e+00 9.995173161856122368e-01 9.972386174765413003e-01 9.938667592516321481e-01 9.832969844963805883e-01 9.854063204635611362e-01 9.828427844158563742e-01
1.025362052364129362e+00 1.020120736252746241e+00 1.017753690266960387e+00 1.014346834794561447e+00 1.012706810075838515e+00 9.875907614195174045e-01 9.868045640028099141e-01 9.823494453081342836e-01 9.769475082191444448e-01 9.760175972961571134e-01 9.761444033311099666e-01
1.025166364083538451e+00 1.022787610431514560e+00 1.019363904282351463e+00 1.017715767823448969e+00 9.924754924657226418e-01 9.916854064313003203e-01 9.872082522362407575e-01 9.817795965803718383e-01 9.808450862170765561e-01 9.809725194484349986e-01 9.765463385459188794e-01
1.027784702278710993e+00 1.024344268732861885e+00 1.022688079879525036e+00 9.973244866668260489e-01 9.965305404639377418e-01 9.920315119809042237e-01 9.865763332320269807e-01 9.856372570780730369e-01 9.857653129172486706e-01 9.813175067698853837e-01 9.973500978346611090e-01
1.002989582716928396e+00 9.885459059719144959e-01 9.861372374322094903e-01 1.003297958965956083e+00 1.001839422652985867e+00 1.012474235997843142e+00 1.007448536588008592e+00 1.002589527042513584e+00 9.953135144640964382e-01 9.993640781675450224e-01 9.943883857170123797e-01
1.017329298643958158e+00 1.011294052470547600e+00 9.943214964724447213e-01 9.888234627539692623e-01 1.001834076896926495e+00 1.000784833820881570e+00 9.940864660234106642e-01 9.967977101319107636e-01 9.936919506268176994e-01 1.001036652159132290e+00 1.019822300192640974e+00
1.012016955629329917e+00 1.002036416873721025e+00 9.883877479615674755e-01 9.948210839284301610e-01 9.939826541783628455e-01 1.007961857895831370e+00 1.002415322626155403e+00 1.006470420359653950e+00 9.941922616158797021e-01 9.977152789310663739e-01 1.002310518907396863e+00
9.844144588637794291e-01 9.783120289281145299e-01 9.860942500827722945e-01 9.842602751287028440e-01 9.827103228445113192e-01 1.009935924485675374e+00 1.010495854892006440e+00 1.009416568746470011e+00 1.024218207313827289e+00 1.030142108714140026e+00 1.033874978089679653e+00
9.734970619134020176e-01 9.812409812409812471e-01 9.794160325777561127e-01 9.778737087075083378e-01 1.004965313862907550e+00 1.005522488454777097e+00 1.004448514241463419e+00 1.019177303452625249e+00 1.025072049134724050e+00 1.028786546413854586e+00 1.036716190605390331e+00
9.750766317343647627e-01 9.732631477588227220e-01 9.717305130715282457e-01 9.986519234164111802e-01 9.992055977275280387e-01 9.981383704321870054e-01 1.012774630482579319e+00 1.018632344208887597e+00 1.022323506282999839e+00 1.030203334884691291e+00 1.031896454879555725e+00
9.677643279627161643e-01 9.662403524771783214e-01 9.930096600896353154e-01 9.935602062074474494e-01 9.924990086180416338e-01 1.007052575558465390e+00 1.012877193906332352e+00 1.016547501358412653e+00 1.024382809875680200e+00 1.026066363946091187e+00 1.030311154303714671e+00
1.010459365324789527e+00 1.013056163004487420e+00 9.943726129365169086e-01 9.937401550489113333e-01 9.974232921590847623e-01 1.001954666906752500e+00 9.962476645562415856e-01 9.940601043332294440e-01 9.967610715473564920e-01 1.001924904182629916e+00 1.003472565837006059e+00
9.919448631049371246e-01 9.887448461991874549e-01 9.913184447012173273e-01 9.924429789440397665e-01 1.007778909020651481e+00 1.009160048392708564e+00 1.009627975393077692e+00 1.009627975393077692e+00 1.001575102660919647e+00 9.977788561901836939e-01 9.968354549797621145e-01
9.882615278193719321e-01 9.908338682946590259e-01 9.919578528425118114e-01 1.007286286407858666e+00 1.008666750651194599e+00 1.009134448919428495e+00 1.009134448919428495e+00 1.001085512593530291e+00 9.972911218044705484e-01 9.963481817475471347e-01 9.927499224903274522e-01
9.953500172441813731e-01 9.993062685573158577e-01 9.920121779599536671e-01 9.978950205939132179e-01 9.955482262278053662e-01 1.004459702131539123e+00 1.004435917053504435e+00 1.001343856908970320e+00 1.005989875485116203e+00 1.003658937837698328e+00 1.014084730376319188e+00
9.974375978310588975e-01 9.901571469495703548e-01 9.960289888561622007e-01 9.936865829203789247e-01 1.002581394649501911e+00 1.002557654048801261e+00 9.994713759577354972e-01 1.004108706627900860e+00 1.001782127759251351e+00 1.012188424399639741e+00 1.012607841678682119e+00
1.001633948157124143e+00 1.003916730009090319e+00 1.002460331551563444e+00 9.925273667906786557e-01 9.935092084474382856e-01 9.960947248102387519e-01 9.985738749935567649e-01 9.961847269621082468e-01 1.005324036383778985e+00 1.009775051894422626e+00 1.016590669395095681e+00
1.002417442184406982e+00 1.000963218768305518e+00 9.910450882787141813e-01 9.920254636154118844e-01 9.946071186687157617e-01 9.970825663938772676e-01 9.946969864079129309e-01 1.003822646833673726e+00 1.008267015026703017e+00 1.015072453822279286e+00 1.014067569102164112e+00
1.011186035180650533e+00 1.003440295337564070e+00 1.000121808005596691e+00 1.007024261656088937e+00 9.994190695117683987e-01 1.000933861376243073e+00 9.967642796461944066e-01 9.972405801809004489e-01 9.892762105841785836e-01 9.945935985208134156e-01 9.961005821798010196e-01
1.002326941112301251e+00 9.943219497647551863e-01 9.996664586938520669e-01 1.001181128625299621e+00 9.972885053817869272e-01 1.000231516906620044e+00 1.001251760901895604e+00 9.964801582162994276e-01 1.005670202204511865e+00 1.001581378192677008e+00 1.005089447930278101e+00
9.940473435083719833e-01 9.993903764209839391e-01 1.000904628039389399e+00 9.970130798387204507e-01 9.999552785791455678e-01 1.000975240809159450e+00 9.962049559180170544e-01 1.005392461851451147e+00 1.001304767068087243e+00 1.004811867966673988e+00 1.008507269584647981e+00
9.992730907273636998e-01 9.953878859943069424e-01 9.983252887662752428e-01 9.993435883938908137e-01 9.945810793662730465e-01 1.003753609088872567e+00 9.996725775043513451e-01 1.003173961608537557e+00 1.006863339490129627e+00 9.996255790599999358e-01 1.000706543280084126e+00
9.967237184818984463e-01 1.000214774116204630e+00 1.003893268979198172e+00 9.966768586747266623e-01 9.977546342396801382e-01 1.000089814630412910e+00 9.985903008009121562e-01 9.983247618936048617e-01 1.010477071886849210e+00 9.972547962965133683e-01 9.998633255624153060e-01
1.002704509518048015e+00 9.954966445204233016e-01 9.965731438382503526e-01 9.989055590268756113e-01 9.974078208455509076e-01 9.971425963759414923e-01 1.009280516220426360e+00 9.960738977778088588e-01 9.986793381557380611e-01 1.007735973720935263e+00 1.006760883759135305e+00
9.950929975601445765e-01 9.961690603866184546e-01 9.985005298439786348e-01 9.970033989549713649e-01 9.967382820267097765e-01 1.008871280273039295e+00 9.956700167569494386e-01 9.982744006992848584e-01 1.007327364043750562e+00 1.006352669454553039e+00 1.004130365791183088e+00
9.952695986014464813e-01 9.975989629264917502e-01 9.961031838281347861e-01 9.958383062794675666e-01 1.007960349389067645e+00 9.947710055686609376e-01 9.973730379585107331e-01 1.006417827193887060e+00 1.005444012676727672e+00 1.003223715577604480e+00 1.008326503647519523e+00
1.003780067170977786e+00 1.006960339511068891e+00 9.959389206412516682e-01 9.955309997235201047e-01 9.943676696988786867e-01 9.986357311529204805e-01 9.970191556641329056e-01 1.008048128625019357e+00 1.001068148477170849e+00 9.986508393350586044e-01 9.997386284490091812e-01
1.007367460897441225e+00 9.963415859878436143e-01 9.959335001447192637e-01 9.947696997772909056e-01 9.990394868396094141e-01 9.974222577575985182e-01 1.008455689812439271e+00 1.001472887607868900e+00 9.990546011300954765e-01 1.000142830045093634e+00 9.997800870734275813e-01
9.970981216066286956e-01 9.966897258984136476e-01 9.955250418416528024e-01 9.997980710109382052e-01 9.981796139450495042e-01 1.009221423833822184e+00 1.002233319493256447e+00 9.998131967779090301e-01 1.000902251999815418e+00 1.000539233592513400e+00 1.003118176861055311e+00
9.960900741699251215e-01 9.949260908375617829e-01 9.991965491673364674e-01 9.975790658353509421e-01 1.008614232492821783e+00 1.001630332498641751e+00 9.992116658339905699e-01 1.000300065833083618e+00 9.999372658333859354e-01 1.002514657497904693e+00 1.001403582498830769e+00
9.943977167825246433e-01 9.986659072057629816e-01 9.970492828684656139e-01 1.008078589094886679e+00 1.001098398031042169e+00 9.986810158444292540e-01 9.997688378284050881e-01 9.994062305004132174e-01 1.001982253393022271e+00 1.000871768451047306e+00 9.941408699251970127e-01
1.001411194975692087e+00 1.001047991979267415e+00 1.003628246599701068e+00 1.002515937423150705e+00 9.957739818020167055e-01 9.937839320507728669e-01 9.964322872330364511e-01 9.920587178177554533e-01 1.007812647787677873e+00 1.005535062330931151e+00 1.019238408716871991e+00
